Hugoniot 
Temperature Density   Pressure   IntEnergy  SpEntropy   Part. Vel.  Shock Vel. 
K ,          g/cm3   ,   GPa   ,     MJ/kg  , MJ/K/kg ,   km/s ,    km/s
  0.000000e+00,   3.500000e+00,   1.000000e-16,   1.000000e-02,   0.000000e+00,   0.000000e+00,   6.117889e+00
  0.000000e+00,   3.530097e+00,   1.207042e+00,   1.147015e-02,   0.000000e+00,   5.422449e-02,   6.360027e+00
  0.000000e+00,   3.563107e+00,   2.488253e+00,   1.629572e-02,   0.000000e+00,   1.122116e-01,   6.335617e+00
  0.000000e+00,   3.596117e+00,   3.801987e+00,   2.451707e-02,   0.000000e+00,   1.703941e-01,   6.375116e+00
  0.000000e+00,   3.629126e+00,   5.149106e+00,   3.617252e-02,   0.000000e+00,   2.287904e-01,   6.430224e+00
  0.000000e+00,   3.662136e+00,   6.530632e+00,   5.130495e-02,   0.000000e+00,   2.874194e-01,   6.491889e+00
  0.000000e+00,   3.695146e+00,   7.947495e+00,   6.995981e-02,   0.000000e+00,   3.462941e-01,   6.557180e+00
  0.000000e+00,   3.728155e+00,   9.400660e+00,   9.218572e-02,   0.000000e+00,   4.054275e-01,   6.624867e+00
  0.000000e+00,   3.761165e+00,   1.089126e+01,   1.180371e-01,   0.000000e+00,   4.648378e-01,   6.694356e+00
  0.000000e+00,   3.794175e+00,   1.242035e+01,   1.475701e-01,   0.000000e+00,   5.245382e-01,   6.765325e+00
  0.000000e+00,   3.827184e+00,   1.398900e+01,   1.808446e-01,   0.000000e+00,   5.845419e-01,   6.837588e+00
  0.000000e+00,   3.860194e+00,   1.559848e+01,   2.179274e-01,   0.000000e+00,   6.448680e-01,   6.911041e+00
  0.000000e+00,   3.893204e+00,   1.724997e+01,   2.588863e-01,   0.000000e+00,   7.055301e-01,   6.985617e+00
  0.000000e+00,   3.926214e+00,   1.894473e+01,   3.037949e-01,   0.000000e+00,   7.665440e-01,   7.061279e+00
  0.000000e+00,   3.959223e+00,   2.068404e+01,   3.527291e-01,   0.000000e+00,   8.279240e-01,   7.138004e+00
  0.000000e+00,   3.992233e+00,   2.246936e+01,   4.057743e-01,   0.000000e+00,   8.896901e-01,   7.215791e+00
  0.000000e+00,   4.025243e+00,   2.430209e+01,   4.630161e-01,   0.000000e+00,   9.518573e-01,   7.294637e+00
  0.000000e+00,   4.058252e+00,   2.618364e+01,   5.245449e-01,   0.000000e+00,   1.014441e+00,   7.374547e+00
  0.000000e+00,   4.091262e+00,   2.811569e+01,   5.904615e-01,   0.000000e+00,   1.077461e+00,   7.455539e+00
  0.000000e+00,   4.124272e+00,   3.009980e+01,   6.608669e-01,   0.000000e+00,   1.140935e+00,   7.537625e+00
  0.000000e+00,   4.157282e+00,   3.213766e+01,   7.358693e-01,   0.000000e+00,   1.204881e+00,   7.620824e+00
  0.000000e+00,   4.190291e+00,   3.423096e+01,   8.155806e-01,   0.000000e+00,   1.269315e+00,   7.705157e+00
  0.000000e+00,   4.223301e+00,   3.638166e+01,   9.001260e-01,   0.000000e+00,   1.334261e+00,   7.790650e+00
  0.000000e+00,   4.256311e+00,   3.859163e+01,   9.896301e-01,   0.000000e+00,   1.399736e+00,   7.877329e+00
  0.000000e+00,   4.289320e+00,   4.086279e+01,   1.084224e+00,   0.000000e+00,   1.465758e+00,   7.965218e+00
  0.000000e+00,   4.322330e+00,   4.319739e+01,   1.184053e+00,   0.000000e+00,   1.532353e+00,   8.054352e+00
  0.000000e+00,   4.355340e+00,   4.559754e+01,   1.289264e+00,   0.000000e+00,   1.599540e+00,   8.144761e+00
  0.000000e+00,   4.388350e+00,   4.806554e+01,   1.400012e+00,   0.000000e+00,   1.667341e+00,   8.236477e+00
  0.000000e+00,   4.421359e+00,   5.060371e+01,   1.516459e+00,   0.000000e+00,   1.735776e+00,   8.329532e+00
  0.000000e+00,   4.454369e+00,   5.321471e+01,   1.638785e+00,   0.000000e+00,   1.804874e+00,   8.423969e+00
  0.000000e+00,   4.487379e+00,   5.590111e+01,   1.767169e+00,   0.000000e+00,   1.874657e+00,   8.519824e+00
  0.000000e+00,   4.520388e+00,   5.866559e+01,   1.901799e+00,   0.000000e+00,   1.945147e+00,   8.617134e+00
  0.000000e+00,   4.553398e+00,   6.151119e+01,   2.042886e+00,   0.000000e+00,   2.016376e+00,   8.715948e+00
  0.000000e+00,   4.586408e+00,   6.444089e+01,   2.190639e+00,   0.000000e+00,   2.088367e+00,   8.816305e+00
  0.000000e+00,   4.619417e+00,   6.745778e+01,   2.345279e+00,   0.000000e+00,   2.161147e+00,   8.918250e+00
  0.000000e+00,   4.652427e+00,   7.056539e+01,   2.507052e+00,   0.000000e+00,   2.234749e+00,   9.021836e+00
  0.000000e+00,   4.685437e+00,   7.376718e+01,   2.676205e+00,   0.000000e+00,   2.309201e+00,   9.127112e+00
  0.000000e+00,   4.718447e+00,   7.706683e+01,   2.853001e+00,   0.000000e+00,   2.384534e+00,   9.234129e+00
  0.000000e+00,   4.751456e+00,   8.046818e+01,   3.037715e+00,   0.000000e+00,   2.460778e+00,   9.342941e+00
  0.000000e+00,   4.784466e+00,   8.397552e+01,   3.230652e+00,   0.000000e+00,   2.537972e+00,   9.453612e+00
  0.000000e+00,   4.817476e+00,   8.759309e+01,   3.432118e+00,   0.000000e+00,   2.616149e+00,   9.566197e+00
  0.000000e+00,   4.850485e+00,   9.132537e+01,   3.642436e+00,   0.000000e+00,   2.695343e+00,   9.680759e+00
  0.000000e+00,   4.883495e+00,   9.517737e+01,   3.861967e+00,   0.000000e+00,   2.775596e+00,   9.797368e+00
  0.000000e+00,   4.916505e+00,   9.915413e+01,   4.091073e+00,   0.000000e+00,   2.856947e+00,   9.916093e+00
  0.000000e+00,   4.949515e+00,   1.032610e+02,   4.330145e+00,   0.000000e+00,   2.939437e+00,   1.003700e+01
  0.000000e+00,   4.982524e+00,   1.075036e+02,   4.579590e+00,   0.000000e+00,   3.023108e+00,   1.016018e+01
  0.000000e+00,   5.015534e+00,   1.118881e+02,   4.839859e+00,   0.000000e+00,   3.108009e+00,   1.028570e+01
  0.000000e+00,   5.048544e+00,   1.164210e+02,   5.111413e+00,   0.000000e+00,   3.194186e+00,   1.041365e+01
  0.000000e+00,   5.081553e+00,   1.211086e+02,   5.394736e+00,   0.000000e+00,   3.281687e+00,   1.054411e+01
  0.000000e+00,   5.114563e+00,   1.259587e+02,   5.690369e+00,   0.000000e+00,   3.370569e+00,   1.067719e+01
  0.000000e+00,   5.147573e+00,   1.309786e+02,   5.998864e+00,   0.000000e+00,   3.460885e+00,   1.081297e+01
  0.000000e+00,   5.180583e+00,   1.361765e+02,   6.320815e+00,   0.000000e+00,   3.552693e+00,   1.095157e+01
  0.000000e+00,   5.213592e+00,   1.415608e+02,   6.656840e+00,   0.000000e+00,   3.646050e+00,   1.109308e+01
  0.000000e+00,   5.246602e+00,   1.471410e+02,   7.007638e+00,   0.000000e+00,   3.741026e+00,   1.123763e+01
  0.000000e+00,   5.279612e+00,   1.529268e+02,   7.373919e+00,   0.000000e+00,   3.837686e+00,   1.138534e+01
  0.000000e+00,   5.312621e+00,   1.589286e+02,   7.756438e+00,   0.000000e+00,   3.936099e+00,   1.153633e+01
  0.000000e+00,   5.345631e+00,   1.651575e+02,   8.156035e+00,   0.000000e+00,   4.036344e+00,   1.169075e+01
  0.000000e+00,   5.378641e+00,   1.716256e+02,   8.573578e+00,   0.000000e+00,   4.138497e+00,   1.184872e+01
  0.000000e+00,   5.411650e+00,   1.783453e+02,   9.009997e+00,   0.000000e+00,   4.242640e+00,   1.201040e+01
  0.000000e+00,   5.444660e+00,   1.853308e+02,   9.466325e+00,   0.000000e+00,   4.348868e+00,   1.217596e+01
  0.000000e+00,   5.477670e+00,   1.925963e+02,   9.943630e+00,   0.000000e+00,   4.457270e+00,   1.234557e+01
  0.000000e+00,   5.510680e+00,   2.001578e+02,   1.044307e+01,   0.000000e+00,   4.567948e+00,   1.251940e+01
  0.000000e+00,   5.543689e+00,   2.080318e+02,   1.096589e+01,   0.000000e+00,   4.681001e+00,   1.269763e+01
  0.000000e+00,   5.576699e+00,   2.162367e+02,   1.151344e+01,   0.000000e+00,   4.796548e+00,   1.288049e+01
  0.000000e+00,   5.609709e+00,   2.247920e+02,   1.208717e+01,   0.000000e+00,   4.914706e+00,   1.306819e+01
  0.000000e+00,   5.642718e+00,   2.337186e+02,   1.268862e+01,   0.000000e+00,   5.035597e+00,   1.326094e+01
  0.000000e+00,   5.675728e+00,   2.430398e+02,   1.331952e+01,   0.000000e+00,   5.159364e+00,   1.345901e+01
  0.000000e+00,   5.708738e+00,   2.527799e+02,   1.398168e+01,   0.000000e+00,   5.286148e+00,   1.366266e+01
  0.000000e+00,   5.741748e+00,   2.629656e+02,   1.467708e+01,   0.000000e+00,   5.416101e+00,   1.387216e+01
  0.000000e+00,   5.774757e+00,   2.736254e+02,   1.540783e+01,   0.000000e+00,   5.549384e+00,   1.408781e+01
  0.000000e+00,   5.807767e+00,   2.847913e+02,   1.617633e+01,   0.000000e+00,   5.686182e+00,   1.430995e+01
  0.000000e+00,   5.840777e+00,   2.964972e+02,   1.698509e+01,   0.000000e+00,   5.826677e+00,   1.453890e+01
  0.000000e+00,   5.873786e+00,   3.087792e+02,   1.783680e+01,   0.000000e+00,   5.971064e+00,   1.477503e+01
  0.000000e+00,   5.906796e+00,   3.216789e+02,   1.873457e+01,   0.000000e+00,   6.119571e+00,   1.501874e+01
  0.000000e+00,   5.939806e+00,   3.352403e+02,   1.968167e+01,   0.000000e+00,   6.272427e+00,   1.527048e+01
  0.000000e+00,   5.972816e+00,   3.495116e+02,   2.068170e+01,   0.000000e+00,   6.429883e+00,   1.553068e+01
  0.000000e+00,   6.005825e+00,   3.645453e+02,   2.173859e+01,   0.000000e+00,   6.592206e+00,   1.579984e+01
  0.000000e+00,   6.038835e+00,   3.804006e+02,   2.285675e+01,   0.000000e+00,   6.759697e+00,   1.607852e+01
  0.000000e+00,   6.071845e+00,   3.971401e+02,   2.404089e+01,   0.000000e+00,   6.932660e+00,   1.636725e+01
  0.000000e+00,   6.104854e+00,   4.148332e+02,   2.529620e+01,   0.000000e+00,   7.111427e+00,   1.666666e+01
  0.000000e+00,   6.137864e+00,   4.335593e+02,   2.662863e+01,   0.000000e+00,   7.296386e+00,   1.697746e+01
  0.000000e+00,   6.170874e+00,   4.534040e+02,   2.804458e+01,   0.000000e+00,   7.487934e+00,   1.730037e+01
  0.000000e+00,   6.203883e+00,   4.744608e+02,   2.955110e+01,   0.000000e+00,   7.686494e+00,   1.763616e+01
  0.000000e+00,   6.236893e+00,   4.968333e+02,   3.115599e+01,   0.000000e+00,   7.892527e+00,   1.798567e+01
  0.000000e+00,   6.269903e+00,   5.206409e+02,   3.286821e+01,   0.000000e+00,   8.106567e+00,   1.834988e+01
  0.000000e+00,   6.302913e+00,   5.460138e+02,   3.469757e+01,   0.000000e+00,   8.329174e+00,   1.872982e+01
  0.000000e+00,   6.335922e+00,   5.730886e+02,   3.665445e+01,   0.000000e+00,   8.560894e+00,   1.912646e+01
  0.000000e+00,   6.368932e+00,   6.020366e+02,   3.875168e+01,   0.000000e+00,   8.802464e+00,   1.954117e+01
  0.000000e+00,   6.401942e+00,   6.330303e+02,   4.100241e+01,   0.000000e+00,   9.054547e+00,   1.997513e+01
  0.000000e+00,   6.434951e+00,   6.662735e+02,   4.342203e+01,   0.000000e+00,   9.317943e+00,   2.042982e+01
  0.000000e+00,   6.467961e+00,   7.019907e+02,   4.602761e+01,   0.000000e+00,   9.593499e+00,   2.090674e+01
  0.000000e+00,   6.500971e+00,   7.404378e+02,   4.883859e+01,   0.000000e+00,   9.882164e+00,   2.140763e+01
  0.000000e+00,   6.533981e+00,   7.818880e+02,   5.187585e+01,   0.000000e+00,   1.018488e+01,   2.193415e+01
  0.000000e+00,   6.566990e+00,   8.266712e+02,   5.516448e+01,   0.000000e+00,   1.050281e+01,   2.248844e+01
  0.000000e+00,   6.600000e+00,   8.751369e+02,   5.873131e+01,   0.000000e+00,   1.083709e+01,   2.307252e+01
  0.000000e+00,   6.633010e+00,   9.276772e+02,   6.260649e+01,   0.000000e+00,   1.118897e+01,   2.368857e+01
  0.000000e+00,   6.666019e+00,   9.847473e+02,   6.682496e+01,   0.000000e+00,   1.155984e+01,   2.433912e+01
  0.000000e+00,   6.699029e+00,   1.046847e+03,   7.142536e+01,   0.000000e+00,   1.195118e+01,   2.502675e+01
  0.000000e+00,   6.732039e+00,   1.114528e+03,   7.645041e+01,   0.000000e+00,   1.236450e+01,   2.575411e+01
  0.000000e+00,   6.765049e+00,   1.188403e+03,   8.194780e+01,   0.000000e+00,   1.280139e+01,   2.652396e+01
  0.000000e+00,   6.798058e+00,   1.269143e+03,   8.797018e+01,   0.000000e+00,   1.326350e+01,   2.733913e+01
  0.000000e+00,   6.831068e+00,   1.357497e+03,   9.457617e+01,   0.000000e+00,   1.375254e+01,   2.820253e+01
  0.000000e+00,   6.864078e+00,   1.454270e+03,   1.018294e+02,   0.000000e+00,   1.427021e+01,   2.911699e+01
  0.000000e+00,   6.897087e+00,   1.560308e+03,   1.097976e+02,   0.000000e+00,   1.481807e+01,   3.008505e+01
  0.000000e+00,   6.930097e+00,   1.676454e+03,   1.185489e+02,   0.000000e+00,   1.539733e+01,   3.110845e+01
  0.000000e+00,   6.963107e+00,   1.803731e+03,   1.281653e+02,   0.000000e+00,   1.600970e+01,   3.218996e+01
  0.000000e+00,   6.996117e+00,   1.943010e+03,   1.387194e+02,   0.000000e+00,   1.665589e+01,   3.333028e+01
  0.000000e+00,   7.029126e+00,   2.095199e+03,   1.502872e+02,   0.000000e+00,   1.733650e+01,   3.452993e+01
  0.000000e+00,   7.062136e+00,   2.261219e+03,   1.629467e+02,   0.000000e+00,   1.805197e+01,   3.578904e+01
  0.000000e+00,   7.095146e+00,   2.441790e+03,   1.767625e+02,   0.000000e+00,   1.880173e+01,   3.710586e+01
  0.000000e+00,   7.128155e+00,   2.637612e+03,   1.917981e+02,   0.000000e+00,   1.958510e+01,   3.847841e+01
  0.000000e+00,   7.161165e+00,   2.849275e+03,   2.081099e+02,   0.000000e+00,   2.040098e+01,   3.990390e+01
  0.000000e+00,   7.194175e+00,   3.077006e+03,   2.257283e+02,   0.000000e+00,   2.124704e+01,   4.137728e+01
  0.000000e+00,   7.227184e+00,   3.321264e+03,   2.447005e+02,   0.000000e+00,   2.212196e+01,   4.289551e+01
  0.000000e+00,   7.260194e+00,   3.581788e+03,   2.650210e+02,   0.000000e+00,   2.302220e+01,   4.445134e+01
  0.000000e+00,   7.293204e+00,   3.858777e+03,   2.867178e+02,   0.000000e+00,   2.394610e+01,   4.604123e+01
  0.000000e+00,   7.326214e+00,   4.151972e+03,   3.097848e+02,   0.000000e+00,   2.489075e+01,   4.765938e+01
  0.000000e+00,   7.359223e+00,   4.460670e+03,   3.341820e+02,   0.000000e+00,   2.585235e+01,   4.929832e+01
  0.000000e+00,   7.392233e+00,   4.784968e+03,   3.599285e+02,   0.000000e+00,   2.682978e+01,   5.095583e+01
  0.000000e+00,   7.425243e+00,   5.124322e+03,   3.869951e+02,   0.000000e+00,   2.782032e+01,   5.262671e+01
  0.000000e+00,   7.458252e+00,   5.478162e+03,   4.153495e+02,   0.000000e+00,   2.882150e+01,   5.430630e+01
  0.000000e+00,   7.491262e+00,   5.845971e+03,   4.449627e+02,   0.000000e+00,   2.983128e+01,   5.599080e+01
  0.000000e+00,   7.524272e+00,   6.227271e+03,   4.758080e+02,   0.000000e+00,   3.084795e+01,   5.767710e+01
  0.000000e+00,   7.557282e+00,   6.621708e+03,   5.078671e+02,   0.000000e+00,   3.187027e+01,   5.936305e+01
  0.000000e+00,   7.590291e+00,   7.029062e+03,   5.411319e+02,   0.000000e+00,   3.289747e+01,   6.104735e+01
  0.000000e+00,   7.623301e+00,   7.449323e+03,   5.756099e+02,   0.000000e+00,   3.392934e+01,   6.272973e+01
  0.000000e+00,   7.656311e+00,   7.880535e+03,   6.111576e+02,   0.000000e+00,   3.496134e+01,   6.440204e+01
  0.000000e+00,   7.689320e+00,   8.324423e+03,   6.479156e+02,   0.000000e+00,   3.599738e+01,   6.607167e+01
  0.000000e+00,   7.722330e+00,   8.779244e+03,   6.857554e+02,   0.000000e+00,   3.703364e+01,   6.773180e+01
  0.000000e+00,   7.755340e+00,   9.246418e+03,   7.247945e+02,   0.000000e+00,   3.807321e+01,   6.938826e+01
  0.000000e+00,   7.788350e+00,   9.723358e+03,   7.648366e+02,   0.000000e+00,   3.911078e+01,   7.103162e+01
  0.000000e+00,   7.821359e+00,   1.021197e+04,   8.060373e+02,   0.000000e+00,   4.015040e+01,   7.266943e+01
  0.000000e+00,   7.854369e+00,   1.071192e+04,   8.483757e+02,   0.000000e+00,   4.119140e+01,   7.430065e+01
  0.000000e+00,   7.887379e+00,   1.122263e+04,   8.918133e+02,   0.000000e+00,   4.223277e+01,   7.592365e+01
  0.000000e+00,   7.920388e+00,   1.174330e+04,   9.362909e+02,   0.000000e+00,   4.327311e+01,   7.753613e+01
  0.000000e+00,   7.953398e+00,   1.222788e+04,   9.772372e+02,   0.000000e+00,   4.422938e+01,   7.899000e+01
  0.000000e+00,   7.986408e+00,   1.229723e+04,   9.772372e+02,   0.000000e+00,   4.442661e+01,   7.908533e+01
  0.000000e+00,   8.019417e+00,   1.236658e+04,   9.772372e+02,   0.000000e+00,   4.462319e+01,   7.918101e+01
  0.000000e+00,   8.052427e+00,   1.243595e+04,   9.772372e+02,   0.000000e+00,   4.481915e+01,   7.927704e+01
  0.000000e+00,   8.085437e+00,   1.250533e+04,   9.772372e+02,   0.000000e+00,   4.501448e+01,   7.937340e+01
  0.000000e+00,   8.118447e+00,   1.257472e+04,   9.772372e+02,   0.000000e+00,   4.520918e+01,   7.947008e+01
  0.000000e+00,   8.151456e+00,   1.264411e+04,   9.772372e+02,   0.000000e+00,   4.540326e+01,   7.956706e+01
  0.000000e+00,   8.184466e+00,   1.271352e+04,   9.772372e+02,   0.000000e+00,   4.559673e+01,   7.966434e+01
  0.000000e+00,   8.217476e+00,   1.278293e+04,   9.772372e+02,   0.000000e+00,   4.578959e+01,   7.976190e+01
  0.000000e+00,   8.250485e+00,   1.285234e+04,   9.772372e+02,   0.000000e+00,   4.598184e+01,   7.985974e+01
  0.000000e+00,   8.283495e+00,   1.292177e+04,   9.772372e+02,   0.000000e+00,   4.617350e+01,   7.995784e+01
  0.000000e+00,   8.316505e+00,   1.299120e+04,   9.772372e+02,   0.000000e+00,   4.636456e+01,   8.005620e+01
  0.000000e+00,   8.349515e+00,   1.306063e+04,   9.772372e+02,   0.000000e+00,   4.655503e+01,   8.015481e+01
  0.000000e+00,   8.382524e+00,   1.313007e+04,   9.772372e+02,   0.000000e+00,   4.674491e+01,   8.025365e+01
  0.000000e+00,   8.415534e+00,   1.319952e+04,   9.772372e+02,   0.000000e+00,   4.693422e+01,   8.035272e+01
  0.000000e+00,   8.448544e+00,   1.326897e+04,   9.772372e+02,   0.000000e+00,   4.712295e+01,   8.045201e+01
  0.000000e+00,   8.481553e+00,   1.333843e+04,   9.772372e+02,   0.000000e+00,   4.731110e+01,   8.055150e+01
  0.000000e+00,   8.514563e+00,   1.340789e+04,   9.772372e+02,   0.000000e+00,   4.749868e+01,   8.065120e+01
  0.000000e+00,   8.547573e+00,   1.347736e+04,   9.772372e+02,   0.000000e+00,   4.768571e+01,   8.075110e+01
  0.000000e+00,   8.580583e+00,   1.354683e+04,   9.772372e+02,   0.000000e+00,   4.787217e+01,   8.085118e+01
  0.000000e+00,   8.613592e+00,   1.361630e+04,   9.772372e+02,   0.000000e+00,   4.805807e+01,   8.095144e+01
  0.000000e+00,   8.646602e+00,   1.368577e+04,   9.772372e+02,   0.000000e+00,   4.824343e+01,   8.105187e+01
  0.000000e+00,   8.679612e+00,   1.375525e+04,   9.772372e+02,   0.000000e+00,   4.842824e+01,   8.115247e+01
  0.000000e+00,   8.712621e+00,   1.382473e+04,   9.772372e+02,   0.000000e+00,   4.861250e+01,   8.125323e+01
  0.000000e+00,   8.745631e+00,   1.389421e+04,   9.772372e+02,   0.000000e+00,   4.879623e+01,   8.135414e+01
  0.000000e+00,   8.778641e+00,   1.396370e+04,   9.772372e+02,   0.000000e+00,   4.897942e+01,   8.145519e+01
  0.000000e+00,   8.811650e+00,   1.403318e+04,   9.772372e+02,   0.000000e+00,   4.916207e+01,   8.155638e+01
  0.000000e+00,   8.844660e+00,   1.410267e+04,   9.772372e+02,   0.000000e+00,   4.934420e+01,   8.165771e+01
  0.000000e+00,   8.877670e+00,   1.417216e+04,   9.772372e+02,   0.000000e+00,   4.952581e+01,   8.175916e+01
  0.000000e+00,   8.910680e+00,   1.424165e+04,   9.772372e+02,   0.000000e+00,   4.970690e+01,   8.186073e+01
  0.000000e+00,   8.943689e+00,   1.431114e+04,   9.772372e+02,   0.000000e+00,   4.988746e+01,   8.196242e+01
  0.000000e+00,   8.976699e+00,   1.438063e+04,   9.772372e+02,   0.000000e+00,   5.006752e+01,   8.206422e+01
  0.000000e+00,   9.009709e+00,   1.445013e+04,   9.772372e+02,   0.000000e+00,   5.024707e+01,   8.216613e+01
  0.000000e+00,   9.042718e+00,   1.451962e+04,   9.772372e+02,   0.000000e+00,   5.042611e+01,   8.226813e+01
  0.000000e+00,   9.075728e+00,   1.458911e+04,   9.772372e+02,   0.000000e+00,   5.060465e+01,   8.237023e+01
  0.000000e+00,   9.108738e+00,   1.465860e+04,   9.772372e+02,   0.000000e+00,   5.078269e+01,   8.247243e+01
  0.000000e+00,   9.141748e+00,   1.472809e+04,   9.772372e+02,   0.000000e+00,   5.096024e+01,   8.257470e+01
  0.000000e+00,   9.174757e+00,   1.479758e+04,   9.772372e+02,   0.000000e+00,   5.113729e+01,   8.267706e+01
  0.000000e+00,   9.207767e+00,   1.486707e+04,   9.772372e+02,   0.000000e+00,   5.131386e+01,   8.277950e+01
  0.000000e+00,   9.240777e+00,   1.493656e+04,   9.772372e+02,   0.000000e+00,   5.148995e+01,   8.288200e+01
  0.000000e+00,   9.273786e+00,   1.500605e+04,   9.772372e+02,   0.000000e+00,   5.166554e+01,   8.298458e+01
  0.000000e+00,   9.306796e+00,   1.507554e+04,   9.772372e+02,   0.000000e+00,   5.184067e+01,   8.308722e+01
  0.000000e+00,   9.339806e+00,   1.514503e+04,   9.772372e+02,   0.000000e+00,   5.201532e+01,   8.318992e+01
  0.000000e+00,   9.372816e+00,   1.521451e+04,   9.772372e+02,   0.000000e+00,   5.218950e+01,   8.329268e+01
  0.000000e+00,   9.405825e+00,   1.528399e+04,   9.772372e+02,   0.000000e+00,   5.236320e+01,   8.339548e+01
  0.000000e+00,   9.438835e+00,   1.535347e+04,   9.772372e+02,   0.000000e+00,   5.253645e+01,   8.349834e+01
  0.000000e+00,   9.471845e+00,   1.542295e+04,   9.772372e+02,   0.000000e+00,   5.270923e+01,   8.360125e+01
  0.000000e+00,   9.504854e+00,   1.549243e+04,   9.772372e+02,   0.000000e+00,   5.288155e+01,   8.370419e+01
  0.000000e+00,   9.537864e+00,   1.556190e+04,   9.772372e+02,   0.000000e+00,   5.305342e+01,   8.380718e+01
  0.000000e+00,   9.570874e+00,   1.563138e+04,   9.772372e+02,   0.000000e+00,   5.322484e+01,   8.391020e+01
  0.000000e+00,   9.603883e+00,   1.570084e+04,   9.772372e+02,   0.000000e+00,   5.339580e+01,   8.401325e+01
  0.000000e+00,   9.636893e+00,   1.577031e+04,   9.772372e+02,   0.000000e+00,   5.356633e+01,   8.411634e+01
  0.000000e+00,   9.669903e+00,   1.583978e+04,   9.772372e+02,   0.000000e+00,   5.373640e+01,   8.421945e+01
  0.000000e+00,   9.702913e+00,   1.590924e+04,   9.772372e+02,   0.000000e+00,   5.390604e+01,   8.432258e+01
  0.000000e+00,   9.735922e+00,   1.597869e+04,   9.772372e+02,   0.000000e+00,   5.407523e+01,   8.442573e+01
  0.000000e+00,   9.768932e+00,   1.604815e+04,   9.772372e+02,   0.000000e+00,   5.424400e+01,   8.452890e+01
  0.000000e+00,   9.801942e+00,   1.611760e+04,   9.772372e+02,   0.000000e+00,   5.441233e+01,   8.463209e+01
  0.000000e+00,   9.834951e+00,   1.618705e+04,   9.772372e+02,   0.000000e+00,   5.458023e+01,   8.473529e+01
  0.000000e+00,   9.867961e+00,   1.625650e+04,   9.772372e+02,   0.000000e+00,   5.474771e+01,   8.483850e+01
  0.000000e+00,   9.900971e+00,   1.632594e+04,   9.772372e+02,   0.000000e+00,   5.491476e+01,   8.494172e+01
  0.000000e+00,   9.933981e+00,   1.639538e+04,   9.772372e+02,   0.000000e+00,   5.508139e+01,   8.504494e+01
  0.000000e+00,   9.966990e+00,   1.646481e+04,   9.772372e+02,   0.000000e+00,   5.524760e+01,   8.514816e+01
  0.000000e+00,   1.000000e+01,   1.653424e+04,   9.772372e+02,   0.000000e+00,   5.541340e+01,   8.525139e+01
  0.000000e+00,   1.050000e+01,   1.758543e+04,   9.772372e+02,   0.000000e+00,   5.787578e+01,   8.681366e+01
  0.000000e+00,   1.100000e+01,   1.863557e+04,   9.772372e+02,   0.000000e+00,   6.025201e+01,   8.836962e+01
  0.000000e+00,   1.150000e+01,   1.968458e+04,   9.772372e+02,   0.000000e+00,   6.254968e+01,   8.991517e+01
  0.000000e+00,   1.200000e+01,   2.073245e+04,   9.772372e+02,   0.000000e+00,   6.477541e+01,   9.144764e+01
  0.000000e+00,   1.250000e+01,   2.177925e+04,   9.772372e+02,   0.000000e+00,   6.693506e+01,   9.296536e+01
  0.000000e+00,   1.300000e+01,   2.282504e+04,   9.772372e+02,   0.000000e+00,   6.903381e+01,   9.446733e+01
  0.000000e+00,   1.350000e+01,   2.386994e+04,   9.772372e+02,   0.000000e+00,   7.107630e+01,   9.595300e+01
  0.000000e+00,   1.400000e+01,   2.491408e+04,   9.772372e+02,   0.000000e+00,   7.306662e+01,   9.742216e+01
  0.000000e+00,   1.450000e+01,   2.595758e+04,   9.772372e+02,   0.000000e+00,   7.500848e+01,   9.887482e+01
  0.000000e+00,   1.500000e+01,   2.700057e+04,   9.772372e+02,   0.000000e+00,   7.690520e+01,   1.003111e+02
  0.000000e+00,   1.550000e+01,   2.804319e+04,   9.772372e+02,   0.000000e+00,   7.875977e+01,   1.017314e+02
  0.000000e+00,   1.600000e+01,   2.908556e+04,   9.772372e+02,   0.000000e+00,   8.057488e+01,   1.031359e+02
  0.000000e+00,   1.650000e+01,   3.012781e+04,   9.772372e+02,   0.000000e+00,   8.235301e+01,   1.045250e+02
  0.000000e+00,   1.700000e+01,   3.117006e+04,   9.772372e+02,   0.000000e+00,   8.409637e+01,   1.058991e+02
  0.000000e+00,   1.750000e+01,   3.221243e+04,   9.772372e+02,   0.000000e+00,   8.580700e+01,   1.072587e+02
  0.000000e+00,   1.800000e+01,   3.325501e+04,   9.772372e+02,   0.000000e+00,   8.748675e+01,   1.086042e+02
  0.000000e+00,   1.850000e+01,   3.429792e+04,   9.772372e+02,   0.000000e+00,   8.913733e+01,   1.099360e+02
  0.000000e+00,   1.900000e+01,   3.534124e+04,   9.772372e+02,   0.000000e+00,   9.076031e+01,   1.112546e+02
  0.000000e+00,   1.950000e+01,   3.638508e+04,   9.772372e+02,   0.000000e+00,   9.235711e+01,   1.125602e+02
  0.000000e+00,   2.000000e+01,   3.742950e+04,   9.772372e+02,   0.000000e+00,   9.392906e+01,   1.138534e+02
  0.000000e+00,   2.050000e+01,   3.847460e+04,   9.772372e+02,   0.000000e+00,   9.547740e+01,   1.151345e+02
  0.000000e+00,   2.100000e+01,   3.952044e+04,   9.772372e+02,   0.000000e+00,   9.700324e+01,   1.164039e+02
  0.000000e+00,   2.150000e+01,   4.056710e+04,   9.772372e+02,   0.000000e+00,   9.850765e+01,   1.176619e+02
  0.000000e+00,   2.200000e+01,   4.161463e+04,   9.772372e+02,   0.000000e+00,   9.999160e+01,   1.189089e+02
  0.000000e+00,   2.250000e+01,   4.266311e+04,   9.772372e+02,   0.000000e+00,   1.014560e+02,   1.201453e+02
  0.000000e+00,   2.300000e+01,   4.371258e+04,   9.772372e+02,   0.000000e+00,   1.029017e+02,   1.213712e+02
  0.000000e+00,   2.350000e+01,   4.476310e+04,   9.772372e+02,   0.000000e+00,   1.043295e+02,   1.225872e+02
  0.000000e+00,   2.400000e+01,   4.581471e+04,   9.772372e+02,   0.000000e+00,   1.057401e+02,   1.237933e+02
  0.000000e+00,   2.450000e+01,   4.686748e+04,   9.772372e+02,   0.000000e+00,   1.071343e+02,   1.249900e+02
  0.000000e+00,   2.500000e+01,   4.792143e+04,   9.772372e+02,   0.000000e+00,   1.085126e+02,   1.261774e+02
  0.000000e+00,   2.550000e+01,   4.897661e+04,   9.772372e+02,   0.000000e+00,   1.098757e+02,   1.273559e+02
  0.000000e+00,   2.600000e+01,   5.003306e+04,   9.772372e+02,   0.000000e+00,   1.112242e+02,   1.285257e+02
  0.000000e+00,   2.650000e+01,   5.109082e+04,   9.772372e+02,   0.000000e+00,   1.125585e+02,   1.296870e+02
  0.000000e+00,   2.700000e+01,   5.214991e+04,   9.772372e+02,   0.000000e+00,   1.138793e+02,   1.308401e+02
  0.000000e+00,   2.750000e+01,   5.321037e+04,   9.772372e+02,   0.000000e+00,   1.151870e+02,   1.319851e+02
  0.000000e+00,   2.800000e+01,   5.427223e+04,   9.772372e+02,   0.000000e+00,   1.164820e+02,   1.331223e+02
  0.000000e+00,   2.850000e+01,   5.533552e+04,   9.772372e+02,   0.000000e+00,   1.177648e+02,   1.342519e+02
  0.000000e+00,   2.900000e+01,   5.640026e+04,   9.772372e+02,   0.000000e+00,   1.190358e+02,   1.353741e+02
  0.000000e+00,   2.950000e+01,   5.746648e+04,   9.772372e+02,   0.000000e+00,   1.202954e+02,   1.364890e+02
