Hugoniot 
Temperature Density   Pressure   IntEnergy  SpEntropy   Part. Vel.  Shock Vel. 
K ,          g/cm3   ,   GPa   ,     MJ/kg  , MJ/K/kg ,   km/s ,    km/s
  5.000000e+02,   3.227000e+00,   1.000000e-04,   3.343550e-01,   1.184933e-03,   0.000000e+00,   6.348852e-04
  5.500000e+02,   3.528920e+00,   1.329691e+01,   5.106793e-01,   1.171508e-03,   5.937440e-01,   6.939837e+00
  6.000000e+02,   3.751715e+00,   2.264010e+01,   8.252579e-01,   1.195940e-03,   9.905706e-01,   7.082588e+00
  6.500000e+02,   3.900688e+00,   2.920405e+01,   1.116089e+00,   1.240257e-03,   1.250202e+00,   7.238733e+00
  7.000000e+02,   4.011518e+00,   3.434473e+01,   1.375360e+00,   1.291340e-03,   1.442703e+00,   7.377054e+00
  7.500000e+02,   4.100572e+00,   3.867206e+01,   1.611111e+00,   1.344210e-03,   1.597813e+00,   7.500175e+00
  8.000000e+02,   4.175432e+00,   4.246749e+01,   1.829281e+00,   1.396952e-03,   1.728943e+00,   7.611598e+00
  8.500000e+02,   4.240464e+00,   4.589289e+01,   2.034116e+00,   1.448656e-03,   1.843615e+00,   7.713924e+00
  9.000000e+02,   4.298229e+00,   4.904336e+01,   2.228435e+00,   1.498931e-03,   1.946196e+00,   7.808970e+00
  9.500000e+02,   4.350353e+00,   5.197922e+01,   2.414171e+00,   1.547625e-03,   2.039440e+00,   7.898035e+00
  1.000000e+03,   4.397829e+00,   5.473736e+01,   2.592526e+00,   1.594733e-03,   2.125052e+00,   7.982051e+00
  1.050000e+03,   4.441648e+00,   5.735470e+01,   2.764859e+00,   1.640215e-03,   2.204640e+00,   8.061791e+00
  1.100000e+03,   4.482489e+00,   5.985656e+01,   2.932131e+00,   1.684097e-03,   2.279307e+00,   8.137841e+00
  1.150000e+03,   4.926043e+00,   7.321353e+01,   4.247507e+00,   1.641048e-03,   2.797364e+00,   8.110410e+00
  1.200000e+03,   4.934076e+00,   7.447833e+01,   4.327515e+00,   1.688300e-03,   2.825782e+00,   8.167548e+00
  1.250000e+03,   4.942116e+00,   7.574508e+01,   4.407720e+00,   1.733698e-03,   2.854091e+00,   8.224076e+00
  1.300000e+03,   4.950136e+00,   7.701245e+01,   4.488100e+00,   1.777378e-03,   2.882252e+00,   8.279984e+00
  1.350000e+03,   4.957855e+00,   7.827109e+01,   4.568732e+00,   1.819524e-03,   2.909942e+00,   8.335228e+00
  1.400000e+03,   4.965575e+00,   7.953054e+01,   4.649484e+00,   1.860168e-03,   2.937509e+00,   8.389870e+00
  1.450000e+03,   4.973294e+00,   8.079049e+01,   4.730337e+00,   1.899406e-03,   2.964948e+00,   8.443913e+00
  1.500000e+03,   4.981011e+00,   8.205068e+01,   4.811275e+00,   1.937326e-03,   2.992256e+00,   8.497359e+00
  1.550000e+03,   4.988479e+00,   8.330270e+01,   4.892378e+00,   1.974066e-03,   3.019148e+00,   8.550178e+00
  1.600000e+03,   4.995882e+00,   8.455261e+01,   4.973563e+00,   2.009656e-03,   3.045840e+00,   8.602415e+00
  1.650000e+03,   5.003280e+00,   8.580226e+01,   5.054797e+00,   2.044148e-03,   3.072402e+00,   8.654088e+00
  1.700000e+03,   5.010672e+00,   8.705150e+01,   5.136068e+00,   2.077602e-03,   3.098831e+00,   8.705202e+00
  1.750000e+03,   5.017961e+00,   8.829686e+01,   5.217409e+00,   2.110100e-03,   3.125016e+00,   8.755753e+00
  1.800000e+03,   5.025057e+00,   8.953520e+01,   5.298849e+00,   2.141715e-03,   3.150855e+00,   8.805743e+00
  1.850000e+03,   5.032145e+00,   9.077286e+01,   5.380306e+00,   2.172451e-03,   3.176565e+00,   8.855209e+00
  1.900000e+03,   5.039225e+00,   9.200975e+01,   5.461773e+00,   2.202352e-03,   3.202148e+00,   8.904161e+00
  1.950000e+03,   5.046297e+00,   9.324579e+01,   5.543247e+00,   2.231459e-03,   3.227604e+00,   8.952607e+00
  2.000000e+03,   5.053182e+00,   9.447458e+01,   5.624797e+00,   2.259855e-03,   3.252725e+00,   9.000533e+00
  2.050000e+03,   5.059976e+00,   9.569950e+01,   5.706381e+00,   2.287552e-03,   3.277625e+00,   9.047966e+00
  2.100000e+03,   5.066761e+00,   9.692345e+01,   5.787960e+00,   2.314564e-03,   3.302404e+00,   9.094928e+00
  2.150000e+03,   5.073537e+00,   9.814640e+01,   5.869529e+00,   2.340921e-03,   3.327063e+00,   9.141425e+00
  2.200000e+03,   5.080304e+00,   9.936830e+01,   5.951087e+00,   2.366654e-03,   3.351604e+00,   9.187467e+00
  2.250000e+03,   5.086864e+00,   1.005819e+02,   6.032718e+00,   2.391836e-03,   3.375793e+00,   9.233038e+00
  2.300000e+03,   5.093372e+00,   1.017928e+02,   6.114353e+00,   2.416456e-03,   3.399814e+00,   9.278172e+00
  2.350000e+03,   5.099870e+00,   1.030026e+02,   6.195971e+00,   2.440528e-03,   3.423723e+00,   9.322881e+00
  2.400000e+03,   5.106359e+00,   1.042113e+02,   6.277569e+00,   2.464075e-03,   3.447521e+00,   9.367173e+00
  2.450000e+03,   5.112839e+00,   1.054189e+02,   6.359146e+00,   2.487118e-03,   3.471209e+00,   9.411055e+00
  2.500000e+03,   5.119145e+00,   1.066191e+02,   6.440777e+00,   2.509715e-03,   3.494592e+00,   9.454518e+00
  2.550000e+03,   5.125383e+00,   1.078160e+02,   6.522412e+00,   2.531861e-03,   3.517797e+00,   9.497585e+00
  2.600000e+03,   5.131613e+00,   1.090118e+02,   6.604025e+00,   2.553560e-03,   3.540898e+00,   9.540269e+00
  2.650000e+03,   5.137833e+00,   1.102064e+02,   6.685613e+00,   2.574828e-03,   3.563897e+00,   9.582579e+00
  2.700000e+03,   5.144045e+00,   1.114000e+02,   6.767176e+00,   2.595680e-03,   3.586795e+00,   9.624521e+00
  2.750000e+03,   5.150158e+00,   1.125889e+02,   6.848756e+00,   2.616155e-03,   3.609485e+00,   9.666091e+00
  2.800000e+03,   5.156144e+00,   1.137721e+02,   6.930366e+00,   2.636272e-03,   3.631934e+00,   9.707297e+00
  2.850000e+03,   5.162122e+00,   1.149542e+02,   7.011952e+00,   2.656017e-03,   3.654288e+00,   9.748159e+00
  2.900000e+03,   5.168092e+00,   1.161352e+02,   7.093512e+00,   2.675403e-03,   3.676548e+00,   9.788684e+00
  2.950000e+03,   5.174054e+00,   1.173151e+02,   7.175046e+00,   2.694443e-03,   3.698715e+00,   9.828876e+00
  3.000000e+03,   5.180007e+00,   1.184940e+02,   7.256555e+00,   2.713147e-03,   3.720791e+00,   9.868742e+00
  3.050000e+03,   5.185777e+00,   1.196648e+02,   7.338122e+00,   2.731568e-03,   3.742563e+00,   9.908271e+00
  3.100000e+03,   5.191522e+00,   1.208338e+02,   7.419674e+00,   2.749681e-03,   3.764225e+00,   9.947488e+00
  3.150000e+03,   5.197258e+00,   1.220017e+02,   7.501201e+00,   2.767489e-03,   3.785801e+00,   9.986399e+00
  3.200000e+03,   5.202987e+00,   1.231687e+02,   7.582705e+00,   2.785004e-03,   3.807292e+00,   1.002501e+01
  3.250000e+03,   5.208708e+00,   1.243346e+02,   7.664184e+00,   2.802235e-03,   3.828699e+00,   1.006333e+01
  3.300000e+03,   5.214396e+00,   1.254985e+02,   7.745652e+00,   2.819195e-03,   3.849992e+00,   1.010135e+01
  3.350000e+03,   5.219922e+00,   1.266550e+02,   7.827172e+00,   2.835924e-03,   3.871013e+00,   1.013908e+01
  3.400000e+03,   5.225441e+00,   1.278106e+02,   7.908670e+00,   2.852393e-03,   3.891956e+00,   1.017653e+01
  3.450000e+03,   5.230954e+00,   1.289653e+02,   7.990153e+00,   2.868611e-03,   3.912823e+00,   1.021371e+01
  3.500000e+03,   5.236460e+00,   1.301190e+02,   8.071610e+00,   2.884584e-03,   3.933612e+00,   1.025062e+01
  3.550000e+03,   5.241959e+00,   1.312718e+02,   8.153045e+00,   2.900320e-03,   3.954325e+00,   1.028726e+01
  3.600000e+03,   5.247425e+00,   1.324226e+02,   8.234474e+00,   2.915830e-03,   3.974931e+00,   1.032365e+01
  3.650000e+03,   5.252742e+00,   1.335664e+02,   8.315953e+00,   2.931150e-03,   3.995287e+00,   1.035977e+01
  3.700000e+03,   5.258053e+00,   1.347094e+02,   8.397414e+00,   2.946251e-03,   4.015572e+00,   1.039564e+01
  3.750000e+03,   5.263358e+00,   1.358515e+02,   8.478857e+00,   2.961140e-03,   4.035787e+00,   1.043127e+01
  3.800000e+03,   5.268656e+00,   1.369928e+02,   8.560282e+00,   2.975822e-03,   4.055932e+00,   1.046666e+01
  3.850000e+03,   5.273949e+00,   1.381333e+02,   8.641691e+00,   2.990303e-03,   4.076009e+00,   1.050181e+01
  3.900000e+03,   5.279236e+00,   1.392730e+02,   8.723084e+00,   3.004589e-03,   4.096019e+00,   1.053673e+01
  3.950000e+03,   5.284370e+00,   1.404055e+02,   8.804533e+00,   3.018717e-03,   4.115779e+00,   1.057141e+01
  4.000000e+03,   5.289488e+00,   1.415367e+02,   8.885974e+00,   3.032662e-03,   4.135460e+00,   1.060586e+01
  4.050000e+03,   5.294600e+00,   1.426672e+02,   8.967401e+00,   3.046426e-03,   4.155077e+00,   1.064010e+01
  4.100000e+03,   5.299707e+00,   1.437969e+02,   9.048814e+00,   3.060014e-03,   4.174631e+00,   1.067412e+01
  4.150000e+03,   5.304808e+00,   1.449259e+02,   9.130215e+00,   3.073429e-03,   4.194124e+00,   1.070793e+01
  4.200000e+03,   5.309904e+00,   1.460542e+02,   9.211603e+00,   3.086676e-03,   4.213555e+00,   1.074153e+01
  4.250000e+03,   5.314926e+00,   1.471786e+02,   9.293013e+00,   3.099775e-03,   4.232838e+00,   1.077491e+01
  4.300000e+03,   5.319864e+00,   1.482989e+02,   9.374452e+00,   3.112732e-03,   4.251963e+00,   1.080809e+01
  4.350000e+03,   5.336271e+00,   1.521148e+02,   9.650822e+00,   3.156435e-03,   4.316516e+00,   1.092041e+01
  4.400000e+03,   5.379936e+00,   1.625581e+02,   1.041378e+01,   3.276009e-03,   4.489849e+00,   1.121961e+01
  4.450000e+03,   5.423191e+00,   1.732445e+02,   1.120517e+01,   3.398716e-03,   4.662703e+00,   1.151390e+01
  4.500000e+03,   5.438537e+00,   1.770809e+02,   1.149199e+01,   3.442606e-03,   4.723809e+00,   1.161663e+01
  4.550000e+03,   5.442541e+00,   1.780524e+02,   1.156498e+01,   3.453473e-03,   4.739291e+00,   1.164220e+01
  4.600000e+03,   5.446494e+00,   1.790214e+02,   1.163802e+01,   3.464235e-03,   4.754680e+00,   1.166768e+01
  4.650000e+03,   5.450390e+00,   1.799875e+02,   1.171110e+01,   3.474895e-03,   4.769970e+00,   1.169304e+01
  4.700000e+03,   5.454286e+00,   1.809540e+02,   1.178422e+01,   3.485446e-03,   4.785238e+00,   1.171832e+01
  4.750000e+03,   5.458182e+00,   1.819208e+02,   1.185740e+01,   3.495888e-03,   4.800484e+00,   1.174351e+01
  4.800000e+03,   5.462079e+00,   1.828879e+02,   1.193063e+01,   3.506225e-03,   4.815709e+00,   1.176862e+01
  4.850000e+03,   5.465975e+00,   1.838552e+02,   1.200390e+01,   3.516458e-03,   4.830913e+00,   1.179363e+01
  4.900000e+03,   5.469871e+00,   1.848229e+02,   1.207721e+01,   3.526590e-03,   4.846095e+00,   1.181856e+01
  4.950000e+03,   5.473768e+00,   1.857908e+02,   1.215057e+01,   3.536622e-03,   4.861255e+00,   1.184340e+01
  5.000000e+03,   5.477665e+00,   1.867590e+02,   1.222398e+01,   3.546556e-03,   4.876394e+00,   1.186816e+01
  5.050000e+03,   5.481458e+00,   1.877217e+02,   1.229743e+01,   3.556415e-03,   4.891372e+00,   1.189281e+01
  5.100000e+03,   5.485252e+00,   1.886847e+02,   1.237092e+01,   3.566179e-03,   4.906329e+00,   1.191738e+01
  5.150000e+03,   5.489046e+00,   1.896480e+02,   1.244446e+01,   3.575851e-03,   4.921266e+00,   1.194187e+01
  5.200000e+03,   5.492839e+00,   1.906116e+02,   1.251804e+01,   3.585433e-03,   4.936182e+00,   1.196627e+01
  5.250000e+03,   5.496633e+00,   1.915754e+02,   1.259167e+01,   3.594926e-03,   4.951077e+00,   1.199060e+01
  5.300000e+03,   5.500427e+00,   1.925394e+02,   1.266534e+01,   3.604332e-03,   4.965952e+00,   1.201484e+01
  5.350000e+03,   5.504221e+00,   1.935037e+02,   1.273905e+01,   3.613652e-03,   4.980807e+00,   1.203900e+01
  5.400000e+03,   5.508015e+00,   1.944683e+02,   1.281281e+01,   3.622888e-03,   4.995642e+00,   1.206308e+01
  5.450000e+03,   5.511779e+00,   1.954315e+02,   1.288660e+01,   3.632047e-03,   5.010417e+00,   1.208708e+01
  5.500000e+03,   5.515475e+00,   1.963910e+02,   1.296044e+01,   3.641138e-03,   5.025078e+00,   1.211099e+01
  5.550000e+03,   5.519171e+00,   1.973507e+02,   1.303432e+01,   3.650149e-03,   5.039719e+00,   1.213482e+01
  5.600000e+03,   5.522866e+00,   1.983107e+02,   1.310823e+01,   3.659081e-03,   5.054341e+00,   1.215857e+01
  5.650000e+03,   5.526562e+00,   1.992709e+02,   1.318220e+01,   3.667937e-03,   5.068943e+00,   1.218224e+01
  5.700000e+03,   5.530258e+00,   2.002314e+02,   1.325620e+01,   3.676717e-03,   5.083526e+00,   1.220585e+01
  5.750000e+03,   5.533953e+00,   2.011921e+02,   1.333024e+01,   3.685422e-03,   5.098090e+00,   1.222937e+01
  5.800000e+03,   5.537648e+00,   2.021530e+02,   1.340432e+01,   3.694054e-03,   5.112634e+00,   1.225282e+01
  5.850000e+03,   5.541344e+00,   2.031141e+02,   1.347844e+01,   3.702614e-03,   5.127159e+00,   1.227620e+01
  5.900000e+03,   5.545005e+00,   2.040735e+02,   1.355260e+01,   3.711109e-03,   5.141619e+00,   1.229950e+01
  5.950000e+03,   5.548606e+00,   2.050297e+02,   1.362680e+01,   3.719546e-03,   5.155978e+00,   1.232272e+01
  6.000000e+03,   5.552208e+00,   2.059861e+02,   1.370104e+01,   3.727914e-03,   5.170320e+00,   1.234586e+01
  6.050000e+03,   5.555810e+00,   2.069427e+02,   1.377531e+01,   3.736215e-03,   5.184642e+00,   1.236893e+01
  6.100000e+03,   5.559411e+00,   2.078995e+02,   1.384963e+01,   3.744449e-03,   5.198946e+00,   1.239193e+01
  6.150000e+03,   5.563012e+00,   2.088566e+02,   1.392398e+01,   3.752617e-03,   5.213232e+00,   1.241486e+01
  6.200000e+03,   5.566614e+00,   2.098138e+02,   1.399837e+01,   3.760721e-03,   5.227499e+00,   1.243772e+01
  6.250000e+03,   5.570214e+00,   2.107713e+02,   1.407280e+01,   3.768762e-03,   5.241748e+00,   1.246052e+01
  6.300000e+03,   5.573815e+00,   2.117289e+02,   1.414726e+01,   3.776739e-03,   5.255979e+00,   1.248324e+01
  6.350000e+03,   5.577398e+00,   2.126857e+02,   1.422176e+01,   3.784659e-03,   5.270167e+00,   1.250589e+01
  6.400000e+03,   5.580909e+00,   2.136385e+02,   1.429630e+01,   3.792531e-03,   5.284240e+00,   1.252846e+01
  6.450000e+03,   5.584421e+00,   2.145915e+02,   1.437087e+01,   3.800343e-03,   5.298295e+00,   1.255097e+01
  6.500000e+03,   5.587932e+00,   2.155447e+02,   1.444548e+01,   3.808097e-03,   5.312333e+00,   1.257341e+01
  6.550000e+03,   5.591443e+00,   2.164981e+02,   1.452012e+01,   3.815792e-03,   5.326353e+00,   1.259578e+01
  6.600000e+03,   5.594954e+00,   2.174517e+02,   1.459480e+01,   3.823430e-03,   5.340355e+00,   1.261809e+01
  6.650000e+03,   5.598464e+00,   2.184054e+02,   1.466951e+01,   3.831012e-03,   5.354340e+00,   1.264033e+01
  6.700000e+03,   5.601974e+00,   2.193594e+02,   1.474426e+01,   3.838537e-03,   5.368308e+00,   1.266250e+01
  6.750000e+03,   5.605484e+00,   2.203135e+02,   1.481905e+01,   3.846008e-03,   5.382258e+00,   1.268462e+01
  6.800000e+03,   5.608993e+00,   2.212677e+02,   1.489387e+01,   3.853425e-03,   5.396191e+00,   1.270667e+01
  6.850000e+03,   5.612435e+00,   2.222182e+02,   1.496872e+01,   3.860801e-03,   5.410014e+00,   1.272864e+01
  6.900000e+03,   5.615860e+00,   2.231678e+02,   1.504360e+01,   3.868128e-03,   5.423796e+00,   1.275055e+01
  6.950000e+03,   5.619284e+00,   2.241175e+02,   1.511852e+01,   3.875403e-03,   5.437562e+00,   1.277240e+01
  7.000000e+03,   5.622708e+00,   2.250674e+02,   1.519347e+01,   3.882626e-03,   5.451311e+00,   1.279418e+01
  7.050000e+03,   5.626132e+00,   2.260175e+02,   1.526846e+01,   3.889799e-03,   5.465043e+00,   1.281591e+01
  7.100000e+03,   5.629555e+00,   2.269678e+02,   1.534348e+01,   3.896922e-03,   5.478759e+00,   1.283757e+01
  7.150000e+03,   5.632978e+00,   2.279182e+02,   1.541853e+01,   3.903996e-03,   5.492458e+00,   1.285917e+01
  7.200000e+03,   5.636401e+00,   2.288687e+02,   1.549362e+01,   3.911021e-03,   5.506140e+00,   1.288072e+01
  7.250000e+03,   5.639823e+00,   2.298194e+02,   1.556873e+01,   3.917998e-03,   5.519806e+00,   1.290220e+01
  7.300000e+03,   5.643233e+00,   2.307695e+02,   1.564388e+01,   3.924930e-03,   5.533438e+00,   1.292362e+01
  7.350000e+03,   5.646574e+00,   2.317157e+02,   1.571906e+01,   3.931829e-03,   5.546960e+00,   1.294497e+01
  7.400000e+03,   5.649915e+00,   2.326620e+02,   1.579427e+01,   3.938681e-03,   5.560467e+00,   1.296627e+01
  7.450000e+03,   5.653256e+00,   2.336084e+02,   1.586952e+01,   3.945488e-03,   5.573957e+00,   1.298750e+01
  7.500000e+03,   5.656596e+00,   2.345550e+02,   1.594479e+01,   3.952249e-03,   5.587431e+00,   1.300868e+01
  7.550000e+03,   5.659936e+00,   2.355017e+02,   1.602010e+01,   3.958966e-03,   5.600890e+00,   1.302981e+01
  7.600000e+03,   5.663275e+00,   2.364486e+02,   1.609543e+01,   3.965639e-03,   5.614333e+00,   1.305087e+01
  7.650000e+03,   5.666614e+00,   2.373956e+02,   1.617080e+01,   3.972269e-03,   5.627760e+00,   1.307188e+01
  7.700000e+03,   5.669953e+00,   2.383428e+02,   1.624620e+01,   3.978856e-03,   5.641171e+00,   1.309283e+01
  7.750000e+03,   5.673291e+00,   2.392901e+02,   1.632163e+01,   3.985401e-03,   5.654566e+00,   1.311373e+01
  7.800000e+03,   5.676608e+00,   2.402363e+02,   1.639709e+01,   3.991908e-03,   5.667918e+00,   1.313457e+01
  7.850000e+03,   5.679869e+00,   2.411791e+02,   1.647258e+01,   3.998384e-03,   5.681176e+00,   1.315535e+01
  7.900000e+03,   5.683129e+00,   2.421221e+02,   1.654810e+01,   4.004820e-03,   5.694420e+00,   1.317607e+01
  7.950000e+03,   5.686389e+00,   2.430652e+02,   1.662365e+01,   4.011215e-03,   5.707648e+00,   1.319674e+01
  8.000000e+03,   5.689649e+00,   2.440085e+02,   1.669922e+01,   4.017570e-03,   5.720861e+00,   1.321735e+01
  8.050000e+03,   5.692908e+00,   2.449519e+02,   1.677483e+01,   4.023886e-03,   5.734059e+00,   1.323791e+01
  8.100000e+03,   5.696167e+00,   2.458954e+02,   1.685047e+01,   4.030162e-03,   5.747243e+00,   1.325842e+01
  8.150000e+03,   5.699425e+00,   2.468391e+02,   1.692614e+01,   4.036401e-03,   5.760411e+00,   1.327888e+01
  8.200000e+03,   5.702683e+00,   2.477829e+02,   1.700184e+01,   4.042601e-03,   5.773564e+00,   1.329928e+01
  8.250000e+03,   5.705941e+00,   2.487268e+02,   1.707756e+01,   4.048764e-03,   5.786703e+00,   1.331963e+01
  8.300000e+03,   5.709188e+00,   2.496702e+02,   1.715332e+01,   4.054891e-03,   5.799812e+00,   1.333993e+01
  8.350000e+03,   5.712371e+00,   2.506098e+02,   1.722910e+01,   4.060994e-03,   5.812820e+00,   1.336017e+01
  8.400000e+03,   5.715554e+00,   2.515495e+02,   1.730491e+01,   4.067060e-03,   5.825813e+00,   1.338036e+01
  8.450000e+03,   5.718737e+00,   2.524894e+02,   1.738075e+01,   4.073091e-03,   5.838792e+00,   1.340050e+01
  8.500000e+03,   5.721920e+00,   2.534293e+02,   1.745662e+01,   4.079085e-03,   5.851757e+00,   1.342059e+01
  8.550000e+03,   5.725102e+00,   2.543694e+02,   1.753252e+01,   4.085045e-03,   5.864708e+00,   1.344062e+01
  8.600000e+03,   5.728283e+00,   2.553097e+02,   1.760844e+01,   4.090970e-03,   5.877644e+00,   1.346061e+01
  8.650000e+03,   5.731465e+00,   2.562500e+02,   1.768440e+01,   4.096860e-03,   5.890566e+00,   1.348055e+01
  8.700000e+03,   5.734645e+00,   2.571905e+02,   1.776038e+01,   4.102717e-03,   5.903474e+00,   1.350045e+01
  8.750000e+03,   5.737826e+00,   2.581311e+02,   1.783639e+01,   4.108540e-03,   5.916369e+00,   1.352029e+01
  8.800000e+03,   5.741006e+00,   2.590718e+02,   1.791243e+01,   4.114329e-03,   5.929249e+00,   1.354009e+01
  8.850000e+03,   5.744132e+00,   2.600093e+02,   1.798849e+01,   4.120096e-03,   5.942041e+00,   1.355982e+01
  8.900000e+03,   5.747241e+00,   2.609458e+02,   1.806459e+01,   4.125833e-03,   5.954796e+00,   1.357952e+01
  8.950000e+03,   5.750350e+00,   2.618825e+02,   1.814071e+01,   4.131538e-03,   5.967539e+00,   1.359916e+01
  9.000000e+03,   5.753458e+00,   2.628193e+02,   1.821686e+01,   4.137211e-03,   5.980267e+00,   1.361876e+01
  9.050000e+03,   5.756566e+00,   2.637562e+02,   1.829303e+01,   4.142853e-03,   5.992983e+00,   1.363831e+01
  9.100000e+03,   5.759674e+00,   2.646932e+02,   1.836924e+01,   4.148463e-03,   6.005685e+00,   1.365781e+01
  9.150000e+03,   5.762781e+00,   2.656303e+02,   1.844547e+01,   4.154042e-03,   6.018373e+00,   1.367727e+01
  9.200000e+03,   5.765888e+00,   2.665676e+02,   1.852173e+01,   4.159591e-03,   6.031048e+00,   1.369668e+01
  9.250000e+03,   5.768995e+00,   2.675050e+02,   1.859802e+01,   4.165109e-03,   6.043710e+00,   1.371605e+01
  9.300000e+03,   5.772101e+00,   2.684425e+02,   1.867433e+01,   4.170598e-03,   6.056359e+00,   1.373538e+01
  9.350000e+03,   5.775197e+00,   2.693795e+02,   1.875067e+01,   4.176058e-03,   6.068981e+00,   1.375465e+01
  9.400000e+03,   5.778235e+00,   2.703129e+02,   1.882704e+01,   4.181500e-03,   6.081511e+00,   1.377388e+01
  9.450000e+03,   5.781274e+00,   2.712465e+02,   1.890344e+01,   4.186913e-03,   6.094028e+00,   1.379306e+01
  9.500000e+03,   5.784311e+00,   2.721802e+02,   1.897986e+01,   4.192298e-03,   6.106533e+00,   1.381220e+01
  9.550000e+03,   5.787349e+00,   2.731140e+02,   1.905631e+01,   4.197653e-03,   6.119024e+00,   1.383129e+01
  9.600000e+03,   5.790386e+00,   2.740480e+02,   1.913279e+01,   4.202981e-03,   6.131503e+00,   1.385034e+01
  9.650000e+03,   5.793423e+00,   2.749820e+02,   1.920929e+01,   4.208280e-03,   6.143970e+00,   1.386935e+01
  9.700000e+03,   5.796459e+00,   2.759162e+02,   1.928582e+01,   4.213552e-03,   6.156424e+00,   1.388832e+01
  9.750000e+03,   5.799495e+00,   2.768505e+02,   1.936238e+01,   4.218796e-03,   6.168865e+00,   1.390724e+01
  9.800000e+03,   5.802530e+00,   2.777849e+02,   1.943897e+01,   4.224014e-03,   6.181294e+00,   1.392612e+01
  9.850000e+03,   5.805566e+00,   2.787195e+02,   1.951558e+01,   4.229204e-03,   6.193711e+00,   1.394496e+01
  9.900000e+03,   5.808583e+00,   2.796530e+02,   1.959222e+01,   4.234371e-03,   6.206091e+00,   1.396376e+01
  9.950000e+03,   5.811553e+00,   2.805836e+02,   1.966889e+01,   4.239521e-03,   6.218394e+00,   1.398250e+01
  1.000000e+04,   5.814524e+00,   2.815144e+02,   1.974558e+01,   4.244644e-03,   6.230685e+00,   1.400121e+01
  1.005000e+04,   5.817494e+00,   2.824452e+02,   1.982230e+01,   4.249742e-03,   6.242965e+00,   1.401988e+01
  1.010000e+04,   5.820463e+00,   2.833762e+02,   1.989905e+01,   4.254814e-03,   6.255232e+00,   1.403851e+01
  1.015000e+04,   5.823432e+00,   2.843073e+02,   1.997582e+01,   4.259861e-03,   6.267487e+00,   1.405709e+01
  1.020000e+04,   5.826401e+00,   2.852386e+02,   2.005262e+01,   4.264882e-03,   6.279731e+00,   1.407564e+01
  1.025000e+04,   5.829370e+00,   2.861700e+02,   2.012945e+01,   4.269879e-03,   6.291963e+00,   1.409415e+01
  1.030000e+04,   5.832338e+00,   2.871015e+02,   2.020630e+01,   4.274851e-03,   6.304183e+00,   1.411261e+01
  1.035000e+04,   5.835306e+00,   2.880331e+02,   2.028319e+01,   4.279798e-03,   6.316392e+00,   1.413104e+01
  1.040000e+04,   5.838274e+00,   2.889648e+02,   2.036010e+01,   4.284722e-03,   6.328589e+00,   1.414943e+01
  1.045000e+04,   5.841231e+00,   2.898960e+02,   2.043703e+01,   4.289623e-03,   6.340761e+00,   1.416778e+01
  1.050000e+04,   5.844137e+00,   2.908240e+02,   2.051399e+01,   4.294510e-03,   6.352850e+00,   1.418608e+01
  1.055000e+04,   5.847042e+00,   2.917520e+02,   2.059098e+01,   4.299373e-03,   6.364927e+00,   1.420435e+01
  1.060000e+04,   5.849948e+00,   2.926803e+02,   2.066800e+01,   4.304214e-03,   6.376993e+00,   1.422258e+01
  1.065000e+04,   5.852852e+00,   2.936086e+02,   2.074504e+01,   4.309031e-03,   6.389049e+00,   1.424077e+01
  1.070000e+04,   5.855757e+00,   2.945371e+02,   2.082211e+01,   4.313825e-03,   6.401093e+00,   1.425892e+01
  1.075000e+04,   5.858661e+00,   2.954657e+02,   2.089921e+01,   4.318596e-03,   6.413126e+00,   1.427704e+01
  1.080000e+04,   5.861565e+00,   2.963944e+02,   2.097633e+01,   4.323345e-03,   6.425147e+00,   1.429512e+01
  1.085000e+04,   5.864469e+00,   2.973232e+02,   2.105348e+01,   4.328072e-03,   6.437158e+00,   1.431316e+01
  1.090000e+04,   5.867372e+00,   2.982522e+02,   2.113066e+01,   4.332777e-03,   6.449158e+00,   1.433117e+01
  1.095000e+04,   5.870275e+00,   2.991813e+02,   2.120787e+01,   4.337459e-03,   6.461147e+00,   1.434913e+01
  1.100000e+04,   5.873178e+00,   3.001106e+02,   2.128510e+01,   4.342120e-03,   6.473125e+00,   1.436707e+01
  1.105000e+04,   5.876034e+00,   3.010368e+02,   2.136236e+01,   4.346768e-03,   6.485028e+00,   1.438496e+01
  1.110000e+04,   5.878878e+00,   3.019624e+02,   2.143964e+01,   4.351397e-03,   6.496903e+00,   1.440281e+01
  1.115000e+04,   5.881721e+00,   3.028881e+02,   2.151695e+01,   4.356005e-03,   6.508768e+00,   1.442063e+01
  1.120000e+04,   5.884564e+00,   3.038140e+02,   2.159429e+01,   4.360592e-03,   6.520622e+00,   1.443842e+01
  1.125000e+04,   5.887407e+00,   3.047399e+02,   2.167166e+01,   4.365158e-03,   6.532466e+00,   1.445617e+01
  1.130000e+04,   5.890250e+00,   3.056661e+02,   2.174905e+01,   4.369704e-03,   6.544299e+00,   1.447388e+01
  1.135000e+04,   5.893092e+00,   3.065923e+02,   2.182647e+01,   4.374229e-03,   6.556122e+00,   1.449156e+01
  1.140000e+04,   5.895934e+00,   3.075187e+02,   2.190392e+01,   4.378734e-03,   6.567935e+00,   1.450920e+01
  1.145000e+04,   5.898776e+00,   3.084452e+02,   2.198139e+01,   4.383219e-03,   6.579737e+00,   1.452682e+01
  1.150000e+04,   5.901618e+00,   3.093719e+02,   2.205890e+01,   4.387684e-03,   6.591530e+00,   1.454439e+01
  1.155000e+04,   5.904459e+00,   3.102987e+02,   2.213643e+01,   4.392129e-03,   6.603312e+00,   1.456193e+01
  1.160000e+04,   5.907290e+00,   3.112250e+02,   2.221399e+01,   4.396556e-03,   6.615070e+00,   1.457944e+01
  1.165000e+04,   5.910075e+00,   3.121482e+02,   2.229157e+01,   4.400973e-03,   6.626753e+00,   1.459691e+01
  1.170000e+04,   5.912859e+00,   3.130716e+02,   2.236918e+01,   4.405370e-03,   6.638427e+00,   1.461435e+01
  1.175000e+04,   5.915644e+00,   3.139952e+02,   2.244681e+01,   4.409748e-03,   6.650090e+00,   1.463175e+01
  1.180000e+04,   5.918428e+00,   3.149189e+02,   2.252448e+01,   4.414108e-03,   6.661744e+00,   1.464912e+01
  1.185000e+04,   5.921211e+00,   3.158427e+02,   2.260217e+01,   4.418448e-03,   6.673389e+00,   1.466646e+01
  1.190000e+04,   5.923995e+00,   3.167667e+02,   2.267989e+01,   4.422770e-03,   6.685023e+00,   1.468377e+01
  1.195000e+04,   5.926778e+00,   3.176908e+02,   2.275764e+01,   4.427073e-03,   6.696648e+00,   1.470104e+01
  1.200000e+04,   5.929562e+00,   3.186150e+02,   2.283541e+01,   4.431358e-03,   6.708263e+00,   1.471828e+01
  1.205000e+04,   5.932345e+00,   3.195394e+02,   2.291321e+01,   4.435625e-03,   6.719869e+00,   1.473549e+01
  1.210000e+04,   5.935127e+00,   3.204640e+02,   2.299105e+01,   4.439874e-03,   6.731465e+00,   1.475267e+01
  1.215000e+04,   5.937910e+00,   3.213887e+02,   2.306890e+01,   4.444105e-03,   6.743052e+00,   1.476981e+01
  1.220000e+04,   5.940675e+00,   3.223123e+02,   2.314679e+01,   4.448322e-03,   6.754605e+00,   1.478693e+01
  1.225000e+04,   5.943403e+00,   3.232336e+02,   2.322470e+01,   4.452527e-03,   6.766097e+00,   1.480400e+01
  1.230000e+04,   5.946132e+00,   3.241550e+02,   2.330263e+01,   4.456716e-03,   6.777580e+00,   1.482105e+01
  1.235000e+04,   5.948859e+00,   3.250766e+02,   2.338060e+01,   4.460886e-03,   6.789054e+00,   1.483807e+01
  1.240000e+04,   5.951587e+00,   3.259983e+02,   2.345859e+01,   4.465040e-03,   6.800519e+00,   1.485505e+01
  1.245000e+04,   5.954315e+00,   3.269202e+02,   2.353661e+01,   4.469177e-03,   6.811975e+00,   1.487201e+01
  1.250000e+04,   5.957042e+00,   3.278422e+02,   2.361466e+01,   4.473297e-03,   6.823422e+00,   1.488893e+01
  1.255000e+04,   5.959769e+00,   3.287644e+02,   2.369274e+01,   4.477400e-03,   6.834859e+00,   1.490583e+01
  1.260000e+04,   5.962497e+00,   3.296867e+02,   2.377085e+01,   4.481486e-03,   6.846288e+00,   1.492269e+01
  1.265000e+04,   5.965224e+00,   3.306091e+02,   2.384898e+01,   4.485556e-03,   6.857708e+00,   1.493953e+01
  1.270000e+04,   5.967950e+00,   3.315318e+02,   2.392714e+01,   4.489609e-03,   6.869118e+00,   1.495633e+01
  1.275000e+04,   5.970677e+00,   3.324545e+02,   2.400533e+01,   4.493646e-03,   6.880520e+00,   1.497311e+01
  1.280000e+04,   5.973392e+00,   3.333767e+02,   2.408355e+01,   4.497669e-03,   6.891898e+00,   1.498985e+01
  1.285000e+04,   5.976067e+00,   3.342962e+02,   2.416179e+01,   4.501684e-03,   6.903210e+00,   1.500656e+01
  1.290000e+04,   5.978741e+00,   3.352158e+02,   2.424006e+01,   4.505683e-03,   6.914513e+00,   1.502325e+01
  1.295000e+04,   5.981415e+00,   3.361356e+02,   2.431836e+01,   4.509666e-03,   6.925807e+00,   1.503990e+01
  1.300000e+04,   5.984089e+00,   3.370555e+02,   2.439668e+01,   4.513633e-03,   6.937093e+00,   1.505653e+01
  1.305000e+04,   5.986763e+00,   3.379756e+02,   2.447504e+01,   4.517585e-03,   6.948371e+00,   1.507312e+01
  1.310000e+04,   5.989437e+00,   3.388959e+02,   2.455342e+01,   4.521521e-03,   6.959640e+00,   1.508969e+01
  1.315000e+04,   5.992111e+00,   3.398163e+02,   2.463183e+01,   4.525442e-03,   6.970900e+00,   1.510623e+01
  1.320000e+04,   5.994784e+00,   3.407368e+02,   2.471027e+01,   4.529348e-03,   6.982153e+00,   1.512275e+01
  1.325000e+04,   5.997458e+00,   3.416576e+02,   2.478874e+01,   4.533238e-03,   6.993396e+00,   1.513923e+01
  1.330000e+04,   6.000131e+00,   3.425784e+02,   2.486723e+01,   4.537114e-03,   7.004632e+00,   1.515569e+01
  1.335000e+04,   6.002804e+00,   3.434995e+02,   2.494576e+01,   4.540975e-03,   7.015859e+00,   1.517212e+01
  1.340000e+04,   6.005477e+00,   3.444207e+02,   2.502431e+01,   4.544821e-03,   7.027077e+00,   1.518852e+01
  1.345000e+04,   6.008107e+00,   3.453390e+02,   2.510289e+01,   4.548661e-03,   7.038227e+00,   1.520489e+01
  1.350000e+04,   6.010730e+00,   3.462570e+02,   2.518149e+01,   4.552487e-03,   7.049360e+00,   1.522123e+01
  1.355000e+04,   6.013353e+00,   3.471752e+02,   2.526012e+01,   4.556299e-03,   7.060485e+00,   1.523755e+01
  1.360000e+04,   6.015976e+00,   3.480935e+02,   2.533878e+01,   4.560096e-03,   7.071601e+00,   1.525384e+01
  1.365000e+04,   6.018599e+00,   3.490120e+02,   2.541748e+01,   4.563880e-03,   7.082710e+00,   1.527010e+01
  1.370000e+04,   6.021221e+00,   3.499307e+02,   2.549619e+01,   4.567649e-03,   7.093810e+00,   1.528634e+01
  1.375000e+04,   6.023844e+00,   3.508495e+02,   2.557494e+01,   4.571404e-03,   7.104903e+00,   1.530254e+01
  1.380000e+04,   6.026466e+00,   3.517685e+02,   2.565372e+01,   4.575145e-03,   7.115988e+00,   1.531873e+01
  1.385000e+04,   6.029089e+00,   3.526877e+02,   2.573253e+01,   4.578873e-03,   7.127065e+00,   1.533488e+01
  1.390000e+04,   6.031711e+00,   3.536070e+02,   2.581136e+01,   4.582586e-03,   7.138134e+00,   1.535102e+01
  1.395000e+04,   6.034333e+00,   3.545265e+02,   2.589022e+01,   4.586286e-03,   7.149196e+00,   1.536712e+01
  1.400000e+04,   6.036955e+00,   3.554462e+02,   2.596911e+01,   4.589973e-03,   7.160249e+00,   1.538320e+01
  1.405000e+04,   6.039564e+00,   3.563651e+02,   2.604803e+01,   4.593649e-03,   7.171276e+00,   1.539925e+01
  1.410000e+04,   6.042138e+00,   3.572816e+02,   2.612698e+01,   4.597317e-03,   7.182247e+00,   1.541527e+01
  1.415000e+04,   6.044712e+00,   3.581984e+02,   2.620595e+01,   4.600973e-03,   7.193210e+00,   1.543127e+01
  1.420000e+04,   6.047286e+00,   3.591153e+02,   2.628495e+01,   4.604615e-03,   7.204166e+00,   1.544725e+01
  1.425000e+04,   6.049860e+00,   3.600324e+02,   2.636398e+01,   4.608245e-03,   7.215114e+00,   1.546319e+01
  1.430000e+04,   6.052434e+00,   3.609496e+02,   2.644304e+01,   4.611861e-03,   7.226055e+00,   1.547912e+01
  1.435000e+04,   6.055007e+00,   3.618670e+02,   2.652213e+01,   4.615464e-03,   7.236989e+00,   1.549502e+01
  1.440000e+04,   6.057581e+00,   3.627846e+02,   2.660124e+01,   4.619055e-03,   7.247915e+00,   1.551089e+01
  1.445000e+04,   6.060155e+00,   3.637024e+02,   2.668039e+01,   4.622633e-03,   7.258833e+00,   1.552674e+01
  1.450000e+04,   6.062728e+00,   3.646204e+02,   2.675957e+01,   4.626198e-03,   7.269745e+00,   1.554256e+01
  1.455000e+04,   6.065302e+00,   3.655385e+02,   2.683877e+01,   4.629751e-03,   7.280649e+00,   1.555836e+01
  1.460000e+04,   6.067875e+00,   3.664567e+02,   2.691800e+01,   4.633291e-03,   7.291545e+00,   1.557414e+01
  1.465000e+04,   6.070449e+00,   3.673752e+02,   2.699727e+01,   4.636820e-03,   7.302435e+00,   1.558989e+01
  1.470000e+04,   6.073001e+00,   3.682923e+02,   2.707656e+01,   4.640339e-03,   7.313287e+00,   1.560562e+01
  1.475000e+04,   6.075528e+00,   3.692078e+02,   2.715587e+01,   4.643851e-03,   7.324097e+00,   1.562132e+01
  1.480000e+04,   6.078055e+00,   3.701234e+02,   2.723521e+01,   4.647351e-03,   7.334900e+00,   1.563699e+01
  1.485000e+04,   6.080582e+00,   3.710392e+02,   2.731459e+01,   4.650839e-03,   7.345697e+00,   1.565265e+01
  1.490000e+04,   6.083109e+00,   3.719552e+02,   2.739399e+01,   4.654315e-03,   7.356486e+00,   1.566827e+01
  1.495000e+04,   6.085636e+00,   3.728714e+02,   2.747342e+01,   4.657780e-03,   7.367268e+00,   1.568388e+01
  1.500000e+04,   6.088163e+00,   3.737877e+02,   2.755288e+01,   4.661232e-03,   7.378043e+00,   1.569946e+01
  1.505000e+04,   6.090690e+00,   3.747043e+02,   2.763237e+01,   4.664673e-03,   7.388811e+00,   1.571502e+01
  1.510000e+04,   6.093217e+00,   3.756210e+02,   2.771189e+01,   4.668102e-03,   7.399572e+00,   1.573056e+01
  1.515000e+04,   6.095744e+00,   3.765379e+02,   2.779144e+01,   4.671519e-03,   7.410326e+00,   1.574607e+01
  1.520000e+04,   6.098271e+00,   3.774549e+02,   2.787102e+01,   4.674925e-03,   7.421074e+00,   1.576156e+01
  1.525000e+04,   6.100798e+00,   3.783722e+02,   2.795062e+01,   4.678320e-03,   7.431814e+00,   1.577703e+01
  1.530000e+04,   6.103325e+00,   3.792896e+02,   2.803026e+01,   4.681703e-03,   7.442548e+00,   1.579247e+01
  1.535000e+04,   6.105834e+00,   3.802059e+02,   2.810992e+01,   4.685079e-03,   7.453250e+00,   1.580790e+01
  1.540000e+04,   6.108316e+00,   3.811204e+02,   2.818961e+01,   4.688448e-03,   7.463908e+00,   1.582329e+01
  1.545000e+04,   6.110799e+00,   3.820351e+02,   2.826933e+01,   4.691806e-03,   7.474559e+00,   1.583867e+01
  1.550000e+04,   6.113281e+00,   3.829500e+02,   2.834908e+01,   4.695153e-03,   7.485203e+00,   1.585402e+01
  1.555000e+04,   6.115763e+00,   3.838650e+02,   2.842885e+01,   4.698489e-03,   7.495841e+00,   1.586935e+01
  1.560000e+04,   6.118245e+00,   3.847803e+02,   2.850866e+01,   4.701814e-03,   7.506472e+00,   1.588466e+01
  1.565000e+04,   6.120728e+00,   3.856957e+02,   2.858850e+01,   4.705128e-03,   7.517097e+00,   1.589994e+01
  1.570000e+04,   6.123210e+00,   3.866113e+02,   2.866836e+01,   4.708432e-03,   7.527715e+00,   1.591521e+01
  1.575000e+04,   6.125692e+00,   3.875271e+02,   2.874826e+01,   4.711724e-03,   7.538327e+00,   1.593045e+01
  1.580000e+04,   6.128174e+00,   3.884431e+02,   2.882818e+01,   4.715007e-03,   7.548932e+00,   1.594567e+01
  1.585000e+04,   6.130657e+00,   3.893592e+02,   2.890814e+01,   4.718278e-03,   7.559531e+00,   1.596087e+01
  1.590000e+04,   6.133139e+00,   3.902756e+02,   2.898812e+01,   4.721539e-03,   7.570123e+00,   1.597605e+01
  1.595000e+04,   6.135621e+00,   3.911921e+02,   2.906813e+01,   4.724790e-03,   7.580709e+00,   1.599120e+01
  1.600000e+04,   6.138099e+00,   3.921085e+02,   2.914817e+01,   4.728031e-03,   7.591282e+00,   1.600634e+01
  1.605000e+04,   6.140538e+00,   3.930222e+02,   2.922824e+01,   4.731269e-03,   7.601795e+00,   1.602145e+01
  1.610000e+04,   6.142978e+00,   3.939361e+02,   2.930833e+01,   4.734497e-03,   7.612301e+00,   1.603654e+01
  1.615000e+04,   6.145417e+00,   3.948502e+02,   2.938846e+01,   4.737715e-03,   7.622802e+00,   1.605161e+01
  1.620000e+04,   6.147856e+00,   3.957644e+02,   2.946861e+01,   4.740922e-03,   7.633296e+00,   1.606666e+01
  1.625000e+04,   6.150296e+00,   3.966789e+02,   2.954879e+01,   4.744120e-03,   7.643784e+00,   1.608169e+01
  1.630000e+04,   6.152735e+00,   3.975935e+02,   2.962901e+01,   4.747307e-03,   7.654265e+00,   1.609670e+01
  1.635000e+04,   6.155175e+00,   3.985084e+02,   2.970925e+01,   4.750485e-03,   7.664741e+00,   1.611168e+01
  1.640000e+04,   6.157614e+00,   3.994234e+02,   2.978952e+01,   4.753652e-03,   7.675210e+00,   1.612665e+01
  1.645000e+04,   6.160053e+00,   4.003386e+02,   2.986982e+01,   4.756810e-03,   7.685674e+00,   1.614159e+01
  1.650000e+04,   6.162493e+00,   4.012540e+02,   2.995015e+01,   4.759958e-03,   7.696131e+00,   1.615652e+01
  1.655000e+04,   6.164932e+00,   4.021696e+02,   3.003052e+01,   4.763097e-03,   7.706582e+00,   1.617143e+01
  1.660000e+04,   6.167372e+00,   4.030853e+02,   3.011091e+01,   4.766226e-03,   7.717027e+00,   1.618631e+01
  1.665000e+04,   6.169811e+00,   4.040013e+02,   3.019133e+01,   4.769345e-03,   7.727466e+00,   1.620118e+01
  1.670000e+04,   6.172227e+00,   4.049156e+02,   3.027177e+01,   4.772459e-03,   7.737866e+00,   1.621602e+01
  1.675000e+04,   6.174625e+00,   4.058289e+02,   3.035225e+01,   4.775567e-03,   7.748235e+00,   1.623084e+01
  1.680000e+04,   6.177024e+00,   4.067423e+02,   3.043275e+01,   4.778666e-03,   7.758598e+00,   1.624565e+01
  1.685000e+04,   6.179422e+00,   4.076559e+02,   3.051328e+01,   4.781755e-03,   7.768955e+00,   1.626043e+01
  1.690000e+04,   6.181820e+00,   4.085697e+02,   3.059384e+01,   4.784835e-03,   7.779306e+00,   1.627519e+01
  1.695000e+04,   6.184218e+00,   4.094837e+02,   3.067443e+01,   4.787905e-03,   7.789652e+00,   1.628994e+01
  1.700000e+04,   6.186616e+00,   4.103978e+02,   3.075505e+01,   4.790967e-03,   7.799991e+00,   1.630467e+01
  1.705000e+04,   6.189015e+00,   4.113122e+02,   3.083571e+01,   4.794019e-03,   7.810325e+00,   1.631937e+01
  1.710000e+04,   6.191413e+00,   4.122268e+02,   3.091639e+01,   4.797063e-03,   7.820653e+00,   1.633406e+01
  1.715000e+04,   6.193811e+00,   4.131415e+02,   3.099710e+01,   4.800097e-03,   7.830976e+00,   1.634873e+01
  1.720000e+04,   6.196210e+00,   4.140565e+02,   3.107784e+01,   4.803122e-03,   7.841292e+00,   1.636337e+01
  1.725000e+04,   6.198608e+00,   4.149716e+02,   3.115861e+01,   4.806139e-03,   7.851603e+00,   1.637800e+01
  1.730000e+04,   6.201007e+00,   4.158869e+02,   3.123941e+01,   4.809146e-03,   7.861908e+00,   1.639261e+01
  1.735000e+04,   6.203405e+00,   4.168024e+02,   3.132024e+01,   4.812145e-03,   7.872207e+00,   1.640721e+01
  1.740000e+04,   6.205772e+00,   4.177157e+02,   3.140109e+01,   4.815141e-03,   7.882456e+00,   1.642178e+01
  1.745000e+04,   6.208130e+00,   4.186285e+02,   3.148197e+01,   4.818130e-03,   7.892688e+00,   1.643633e+01
  1.750000e+04,   6.210489e+00,   4.195416e+02,   3.156288e+01,   4.821110e-03,   7.902914e+00,   1.645086e+01
  1.755000e+04,   6.212847e+00,   4.204548e+02,   3.164382e+01,   4.824081e-03,   7.913135e+00,   1.646538e+01
  1.760000e+04,   6.215206e+00,   4.213683e+02,   3.172479e+01,   4.827044e-03,   7.923351e+00,   1.647987e+01
  1.765000e+04,   6.217565e+00,   4.222819e+02,   3.180579e+01,   4.829999e-03,   7.933561e+00,   1.649435e+01
  1.770000e+04,   6.219923e+00,   4.231957e+02,   3.188682e+01,   4.832945e-03,   7.943765e+00,   1.650881e+01
  1.775000e+04,   6.222282e+00,   4.241097e+02,   3.196788e+01,   4.835882e-03,   7.953964e+00,   1.652325e+01
  1.780000e+04,   6.224641e+00,   4.250240e+02,   3.204897e+01,   4.838811e-03,   7.964157e+00,   1.653768e+01
  1.785000e+04,   6.227000e+00,   4.259384e+02,   3.213009e+01,   4.841732e-03,   7.974345e+00,   1.655208e+01
  1.790000e+04,   6.229359e+00,   4.268530e+02,   3.221124e+01,   4.844644e-03,   7.984528e+00,   1.656647e+01
  1.795000e+04,   6.231718e+00,   4.277678e+02,   3.229242e+01,   4.847549e-03,   7.994705e+00,   1.658084e+01
  1.800000e+04,   6.234077e+00,   4.286827e+02,   3.237363e+01,   4.850445e-03,   8.004877e+00,   1.659519e+01
  1.805000e+04,   6.236436e+00,   4.295979e+02,   3.245487e+01,   4.853333e-03,   8.015043e+00,   1.660953e+01
  1.810000e+04,   6.238764e+00,   4.305109e+02,   3.253613e+01,   4.856219e-03,   8.025160e+00,   1.662384e+01
  1.815000e+04,   6.241084e+00,   4.314235e+02,   3.261742e+01,   4.859098e-03,   8.035262e+00,   1.663814e+01
  1.820000e+04,   6.243405e+00,   4.323363e+02,   3.269874e+01,   4.861968e-03,   8.045358e+00,   1.665242e+01
  1.825000e+04,   6.245725e+00,   4.332493e+02,   3.278009e+01,   4.864831e-03,   8.055449e+00,   1.666668e+01
  1.830000e+04,   6.248046e+00,   4.341625e+02,   3.286147e+01,   4.867687e-03,   8.065535e+00,   1.668092e+01
  1.835000e+04,   6.250367e+00,   4.350759e+02,   3.294288e+01,   4.870534e-03,   8.075615e+00,   1.669515e+01
  1.840000e+04,   6.252687e+00,   4.359894e+02,   3.302432e+01,   4.873373e-03,   8.085691e+00,   1.670936e+01
  1.845000e+04,   6.255008e+00,   4.369032e+02,   3.310579e+01,   4.876205e-03,   8.095761e+00,   1.672355e+01
  1.850000e+04,   6.257329e+00,   4.378172e+02,   3.318729e+01,   4.879029e-03,   8.105826e+00,   1.673773e+01
  1.855000e+04,   6.259650e+00,   4.387314e+02,   3.326882e+01,   4.881845e-03,   8.115886e+00,   1.675189e+01
  1.860000e+04,   6.261971e+00,   4.396457e+02,   3.335037e+01,   4.884653e-03,   8.125941e+00,   1.676603e+01
  1.865000e+04,   6.264292e+00,   4.405603e+02,   3.343196e+01,   4.887454e-03,   8.135990e+00,   1.678015e+01
  1.870000e+04,   6.266613e+00,   4.414750e+02,   3.351358e+01,   4.890247e-03,   8.146035e+00,   1.679426e+01
  1.875000e+04,   6.268934e+00,   4.423900e+02,   3.359523e+01,   4.893033e-03,   8.156074e+00,   1.680835e+01
  1.880000e+04,   6.271234e+00,   4.433034e+02,   3.367690e+01,   4.895816e-03,   8.166078e+00,   1.682242e+01
  1.885000e+04,   6.273517e+00,   4.442159e+02,   3.375860e+01,   4.898593e-03,   8.176054e+00,   1.683648e+01
  1.890000e+04,   6.275801e+00,   4.451285e+02,   3.384033e+01,   4.901363e-03,   8.186026e+00,   1.685052e+01
  1.895000e+04,   6.278085e+00,   4.460413e+02,   3.392208e+01,   4.904126e-03,   8.195993e+00,   1.686454e+01
  1.900000e+04,   6.280369e+00,   4.469544e+02,   3.400387e+01,   4.906882e-03,   8.205955e+00,   1.687854e+01
  1.905000e+04,   6.282653e+00,   4.478676e+02,   3.408569e+01,   4.909630e-03,   8.215912e+00,   1.689253e+01
  1.910000e+04,   6.284937e+00,   4.487810e+02,   3.416754e+01,   4.912371e-03,   8.225864e+00,   1.690651e+01
  1.915000e+04,   6.287222e+00,   4.496947e+02,   3.424941e+01,   4.915105e-03,   8.235811e+00,   1.692046e+01
  1.920000e+04,   6.289506e+00,   4.506085e+02,   3.433132e+01,   4.917831e-03,   8.245754e+00,   1.693441e+01
  1.925000e+04,   6.291790e+00,   4.515225e+02,   3.441326e+01,   4.920551e-03,   8.255691e+00,   1.694833e+01
  1.930000e+04,   6.294075e+00,   4.524367e+02,   3.449522e+01,   4.923263e-03,   8.265623e+00,   1.696224e+01
  1.935000e+04,   6.296359e+00,   4.533511e+02,   3.457722e+01,   4.925968e-03,   8.275551e+00,   1.697613e+01
  1.940000e+04,   6.298644e+00,   4.542657e+02,   3.465924e+01,   4.928666e-03,   8.285474e+00,   1.699001e+01
  1.945000e+04,   6.300928e+00,   4.551805e+02,   3.474130e+01,   4.931358e-03,   8.295391e+00,   1.700387e+01
  1.950000e+04,   6.303208e+00,   4.560951e+02,   3.482338e+01,   4.934043e-03,   8.305298e+00,   1.701771e+01
  1.955000e+04,   6.305456e+00,   4.570075e+02,   3.490549e+01,   4.936727e-03,   8.315155e+00,   1.703154e+01
  1.960000e+04,   6.307705e+00,   4.579200e+02,   3.498762e+01,   4.939404e-03,   8.325008e+00,   1.704535e+01
  1.965000e+04,   6.309953e+00,   4.588328e+02,   3.506979e+01,   4.942074e-03,   8.334856e+00,   1.705915e+01
  1.970000e+04,   6.312202e+00,   4.597458e+02,   3.515198e+01,   4.944737e-03,   8.344699e+00,   1.707293e+01
  1.975000e+04,   6.314451e+00,   4.606589e+02,   3.523421e+01,   4.947394e-03,   8.354538e+00,   1.708669e+01
  1.980000e+04,   6.316700e+00,   4.615723e+02,   3.531646e+01,   4.950043e-03,   8.364372e+00,   1.710044e+01
  1.985000e+04,   6.318949e+00,   4.624858e+02,   3.539874e+01,   4.952687e-03,   8.374201e+00,   1.711417e+01
  1.990000e+04,   6.321197e+00,   4.633996e+02,   3.548106e+01,   4.955323e-03,   8.384026e+00,   1.712789e+01
  1.995000e+04,   6.323446e+00,   4.643135e+02,   3.556340e+01,   4.957953e-03,   8.393846e+00,   1.714160e+01
  2.000000e+04,   6.325696e+00,   4.652277e+02,   3.564577e+01,   4.960576e-03,   8.403661e+00,   1.715528e+01
  2.084602e+04,   6.363326e+00,   4.806909e+02,   3.704390e+01,   5.004066e-03,   8.568443e+00,   1.738461e+01
  2.172783e+04,   6.401890e+00,   4.968142e+02,   3.850994e+01,   5.047673e-03,   8.737913e+00,   1.761924e+01
  2.264693e+04,   6.441315e+00,   5.136206e+02,   4.004735e+01,   5.091421e-03,   8.912072e+00,   1.785931e+01
  2.360492e+04,   6.481714e+00,   5.311496e+02,   4.165989e+01,   5.135303e-03,   9.091182e+00,   1.810495e+01
  2.460343e+04,   6.523111e+00,   5.494346e+02,   4.335143e+01,   5.179328e-03,   9.275387e+00,   1.835629e+01
  2.564418e+04,   6.565535e+00,   5.685109e+02,   4.512600e+01,   5.223503e-03,   9.464830e+00,   1.861345e+01
  2.672895e+04,   6.608888e+00,   5.884046e+02,   4.698776e+01,   5.267859e-03,   9.659483e+00,   1.887657e+01
  2.785961e+04,   6.653287e+00,   6.091612e+02,   4.894116e+01,   5.312388e-03,   9.859624e+00,   1.914577e+01
  2.903810e+04,   6.698779e+00,   6.308217e+02,   5.099076e+01,   5.357095e-03,   1.006542e+01,   1.942118e+01
  3.026644e+04,   6.745215e+00,   6.534114e+02,   5.314119e+01,   5.402021e-03,   1.027678e+01,   1.970292e+01
  3.154674e+04,   6.792775e+00,   6.769858e+02,   5.539743e+01,   5.447146e-03,   1.049406e+01,   1.999111e+01
  3.288120e+04,   6.841354e+00,   7.015765e+02,   5.776445e+01,   5.492503e-03,   1.071722e+01,   2.028587e+01
  3.427210e+04,   6.891025e+00,   7.272318e+02,   6.024744e+01,   5.538091e-03,   1.094647e+01,   2.058731e+01
  3.572184e+04,   6.941729e+00,   7.539901e+02,   6.285174e+01,   5.583933e-03,   1.118183e+01,   2.089554e+01
  3.723291e+04,   6.993537e+00,   7.819025e+02,   6.558284e+01,   5.630030e-03,   1.142351e+01,   2.121066e+01
  3.880790e+04,   7.046334e+00,   8.110040e+02,   6.844627e+01,   5.676414e-03,   1.167143e+01,   2.153276e+01
  4.044951e+04,   7.100230e+00,   8.413515e+02,   7.144780e+01,   5.723076e-03,   1.192586e+01,   2.186194e+01
  4.216056e+04,   7.155131e+00,   8.729843e+02,   7.459323e+01,   5.770044e-03,   1.218675e+01,   2.219829e+01
  4.394399e+04,   7.211032e+00,   9.059510e+02,   7.788852e+01,   5.817330e-03,   1.245419e+01,   2.254188e+01
  4.580287e+04,   7.267957e+00,   9.403044e+02,   8.133979e+01,   5.864938e-03,   1.272831e+01,   2.289279e+01
  4.774037e+04,   7.325870e+00,   9.760918e+02,   8.495315e+01,   5.912885e-03,   1.300913e+01,   2.325109e+01
  4.975983e+04,   7.384673e+00,   1.013357e+03,   8.873489e+01,   5.961195e-03,   1.329662e+01,   2.361686e+01
  5.186472e+04,   7.444411e+00,   1.052157e+03,   9.269147e+01,   6.009867e-03,   1.359091e+01,   2.399015e+01
  5.405865e+04,   7.505045e+00,   1.092544e+03,   9.682939e+01,   6.058916e-03,   1.389204e+01,   2.437103e+01
  5.634538e+04,   7.566537e+00,   1.134569e+03,   1.011553e+02,   6.108353e-03,   1.420003e+01,   2.475956e+01
  5.872885e+04,   7.628847e+00,   1.178288e+03,   1.056760e+02,   6.158191e-03,   1.451491e+01,   2.515580e+01
  6.121313e+04,   7.691933e+00,   1.223754e+03,   1.103984e+02,   6.208439e-03,   1.483670e+01,   2.555982e+01
  6.380250e+04,   7.755756e+00,   1.271024e+03,   1.153296e+02,   6.259108e-03,   1.516543e+01,   2.597168e+01
  6.650141e+04,   7.820263e+00,   1.320156e+03,   1.204769e+02,   6.310210e-03,   1.550112e+01,   2.639145e+01
  6.931448e+04,   7.885423e+00,   1.371210e+03,   1.258476e+02,   6.361751e-03,   1.584381e+01,   2.681919e+01
  7.224655e+04,   7.951194e+00,   1.424249e+03,   1.314495e+02,   6.413738e-03,   1.619351e+01,   2.725497e+01
  7.530265e+04,   8.017531e+00,   1.479335e+03,   1.372903e+02,   6.466178e-03,   1.655028e+01,   2.769888e+01
  7.848802e+04,   8.084390e+00,   1.536534e+03,   1.433782e+02,   6.519078e-03,   1.691412e+01,   2.815099e+01
  8.180814e+04,   8.151722e+00,   1.595914e+03,   1.497215e+02,   6.572442e-03,   1.728508e+01,   2.861140e+01
  8.526870e+04,   8.219474e+00,   1.657545e+03,   1.563287e+02,   6.626278e-03,   1.766319e+01,   2.908020e+01
  8.887565e+04,   8.287609e+00,   1.721501e+03,   1.632087e+02,   6.680587e-03,   1.804849e+01,   2.955748e+01
  9.263518e+04,   8.356082e+00,   1.787857e+03,   1.703707e+02,   6.735371e-03,   1.844104e+01,   3.004335e+01
  9.655373e+04,   8.424846e+00,   1.856691e+03,   1.778242e+02,   6.790632e-03,   1.884087e+01,   3.053793e+01
  1.006380e+05,   8.493859e+00,   1.928085e+03,   1.855789e+02,   6.846370e-03,   1.924806e+01,   3.104133e+01
  1.048951e+05,   8.563076e+00,   2.002126e+03,   1.936451e+02,   6.902585e-03,   1.966266e+01,   3.155369e+01
  1.093323e+05,   8.632454e+00,   2.078901e+03,   2.020335e+02,   6.959275e-03,   2.008475e+01,   3.207514e+01
  1.139572e+05,   8.701948e+00,   2.158502e+03,   2.107549e+02,   7.016438e-03,   2.051439e+01,   3.260581e+01
  1.187777e+05,   8.771516e+00,   2.241024e+03,   2.198206e+02,   7.074069e-03,   2.095165e+01,   3.314586e+01
  1.238021e+05,   8.841116e+00,   2.326566e+03,   2.292424e+02,   7.132165e-03,   2.139663e+01,   3.369543e+01
  1.290390e+05,   8.910705e+00,   2.415231e+03,   2.390326e+02,   7.190718e-03,   2.184940e+01,   3.425470e+01
  1.344975e+05,   8.986668e+00,   2.514367e+03,   2.500233e+02,   7.254860e-03,   2.234674e+01,   3.486707e+01
  1.401868e+05,   9.065225e+00,   2.620450e+03,   2.618212e+02,   7.321699e-03,   2.286860e+01,   3.550891e+01
  1.461169e+05,   9.145626e+00,   2.733135e+03,   2.743908e+02,   7.390753e-03,   2.341180e+01,   3.617657e+01
  1.522978e+05,   9.226717e+00,   2.851571e+03,   2.876370e+02,   7.461309e-03,   2.397090e+01,   3.686386e+01
  1.587401e+05,   9.308528e+00,   2.976138e+03,   3.016044e+02,   7.533436e-03,   2.454669e+01,   3.757173e+01
  1.654550e+05,   9.390987e+00,   3.107245e+03,   3.163421e+02,   7.607234e-03,   2.513990e+01,   3.830126e+01
  1.724539e+05,   9.474129e+00,   3.245333e+03,   3.319017e+02,   7.682776e-03,   2.575140e+01,   3.905346e+01
  1.797488e+05,   9.557879e+00,   3.390880e+03,   3.483402e+02,   7.760172e-03,   2.638201e+01,   3.982956e+01
  1.873524e+05,   9.642252e+00,   3.544406e+03,   3.657188e+02,   7.839512e-03,   2.703273e+01,   4.063073e+01
  1.952776e+05,   9.734193e+00,   3.711575e+03,   3.847696e+02,   7.919956e-03,   2.772851e+01,   4.147943e+01
  2.035380e+05,   9.828815e+00,   3.889701e+03,   4.051430e+02,   8.002248e-03,   2.845376e+01,   4.236210e+01
  2.121478e+05,   9.927848e+00,   4.080883e+03,   4.271105e+02,   8.086245e-03,   2.921561e+01,   4.328529e+01
  2.211219e+05,   1.002661e+01,   4.282940e+03,   4.503880e+02,   8.172820e-03,   3.000105e+01,   4.423913e+01
  2.304756e+05,   1.012817e+01,   4.502828e+03,   4.758029e+02,   8.264935e-03,   3.083465e+01,   4.525300e+01
  2.402249e+05,   1.023189e+01,   4.737608e+03,   5.029825e+02,   8.360336e-03,   3.170318e+01,   4.630815e+01
  2.503866e+05,   1.033306e+01,   4.980519e+03,   5.311225e+02,   8.456214e-03,   3.257900e+01,   4.737376e+01
  2.609782e+05,   1.042728e+01,   5.223518e+03,   5.592574e+02,   8.549546e-03,   3.343268e+01,   4.841645e+01
  2.720178e+05,   1.051776e+01,   5.474140e+03,   5.882931e+02,   8.643510e-03,   3.429124e+01,   4.946906e+01
  2.835245e+05,   1.060497e+01,   5.737622e+03,   6.188876e+02,   8.740429e-03,   3.517064e+01,   5.055368e+01
  2.955178e+05,   1.069296e+01,   6.017104e+03,   6.513749e+02,   8.840222e-03,   3.608179e+01,   5.167737e+01
  3.080185e+05,   1.078156e+01,   6.313750e+03,   6.858942e+02,   8.943060e-03,   3.702610e+01,   5.284215e+01
  3.210480e+05,   1.087058e+01,   6.628824e+03,   7.225960e+02,   9.049122e-03,   3.800501e+01,   5.405012e+01
  3.346286e+05,   1.095985e+01,   6.963700e+03,   7.616440e+02,   9.158599e-03,   3.902007e+01,   5.530355e+01
  3.487837e+05,   1.105028e+01,   7.322852e+03,   8.036464e+02,   9.271993e-03,   4.008191e+01,   5.661518e+01
  3.635376e+05,   1.116783e+01,   7.734859e+03,   8.525700e+02,   9.385286e-03,   4.128338e+01,   5.806015e+01
  3.789156e+05,   1.128817e+01,   8.175966e+03,   9.050737e+02,   9.501902e-03,   4.253606e+01,   5.956385e+01
  3.949441e+05,   1.140754e+01,   8.644603e+03,   9.609016e+02,   9.622617e-03,   4.382965e+01,   6.111925e+01
  4.116506e+05,   1.152514e+01,   9.143254e+03,   1.020364e+03,   9.748025e-03,   4.516668e+01,   6.273120e+01
  4.290638e+05,   1.163964e+01,   9.675319e+03,   1.083895e+03,   9.879279e-03,   4.655106e+01,   6.440755e+01
  4.472136e+05,   1.175361e+01,   1.024499e+04,   1.151967e+03,   1.001610e-02,   4.799089e+01,   6.615364e+01
  4.661312e+05,   1.186934e+01,   1.086444e+04,   1.226081e+03,   1.016082e-02,   4.951154e+01,   6.799887e+01
  4.858489e+05,   1.198447e+01,   1.153200e+04,   1.306018e+03,   1.031260e-02,   5.110140e+01,   6.993152e+01
  5.064008e+05,   1.209627e+01,   1.224831e+04,   1.391872e+03,   1.047187e-02,   5.275417e+01,   7.194828e+01
  5.278221e+05,   1.221090e+01,   1.302290e+04,   1.484941e+03,   1.063691e-02,   5.448952e+01,   7.406206e+01
  5.501494e+05,   1.232284e+01,   1.385305e+04,   1.584720e+03,   1.080893e-02,   5.629104e+01,   7.626184e+01
  5.734213e+05,   1.243527e+01,   1.474094e+04,   1.691651e+03,   1.098504e-02,   5.816001e+01,   7.854194e+01
  5.976775e+05,   1.255657e+01,   1.567665e+04,   1.805095e+03,   1.115514e-02,   6.007896e+01,   8.085964e+01
  6.229599e+05,   1.268412e+01,   1.669498e+04,   1.929036e+03,   1.133125e-02,   6.210732e+01,   8.329985e+01
  6.493117e+05,   1.280736e+01,   1.778438e+04,   2.061629e+03,   1.151512e-02,   6.420680e+01,   8.583389e+01
  6.767782e+05,   1.292225e+01,   1.893070e+04,   2.201044e+03,   1.170408e-02,   6.634288e+01,   8.842467e+01
  7.054065e+05,   1.303028e+01,   2.014620e+04,   2.348795e+03,   1.189992e-02,   6.853397e+01,   9.109369e+01
  7.352459e+05,   1.313345e+01,   2.145055e+04,   2.507326e+03,   1.210559e-02,   7.080915e+01,   9.387504e+01
  7.663475e+05,   1.324194e+01,   2.286826e+04,   2.680150e+03,   1.231846e-02,   7.320916e+01,   9.679852e+01
  7.987647e+05,   1.336533e+01,   2.442843e+04,   2.871482e+03,   1.253655e-02,   7.577774e+01,   9.989757e+01
  8.325532e+05,   1.348213e+01,   2.610167e+04,   3.076588e+03,   1.276516e-02,   7.843790e+01,   1.031201e+02
  8.677710e+05,   1.358119e+01,   2.781453e+04,   3.285997e+03,   1.299514e-02,   8.106353e+01,   1.063279e+02
  9.044785e+05,   1.367550e+01,   2.965374e+04,   3.510781e+03,   1.323598e-02,   8.379066e+01,   1.096693e+02
  9.427388e+05,   1.376535e+01,   3.164062e+04,   3.753534e+03,   1.348989e-02,   8.663944e+01,   1.131697e+02
  9.826176e+05,   1.385106e+01,   3.378039e+04,   4.014940e+03,   1.375572e-02,   8.960590e+01,   1.168232e+02
  1.024183e+06,   1.396820e+01,   3.617619e+04,   4.310618e+03,   1.402450e-02,   9.284705e+01,   1.207413e+02
  1.067507e+06,   1.408511e+01,   3.877318e+04,   4.631557e+03,   1.430584e-02,   9.624169e+01,   1.248445e+02
  1.112664e+06,   1.419973e+01,   4.157496e+04,   4.978112e+03,   1.459895e-02,   9.977775e+01,   1.291217e+02
  1.159730e+06,   1.431838e+01,   4.473393e+04,   5.369365e+03,   1.492115e-02,   1.036251e+02,   1.337745e+02
  1.208788e+06,   1.443382e+01,   4.823674e+04,   5.803271e+03,   1.527016e-02,   1.077308e+02,   1.387519e+02
  1.259921e+06,   1.456259e+01,   5.209516e+04,   6.283402e+03,   1.563125e-02,   1.120990e+02,   1.440113e+02
  1.313217e+06,   1.469420e+01,   5.631168e+04,   6.809217e+03,   1.600851e-02,   1.166959e+02,   1.495354e+02
  1.368767e+06,   1.474774e+01,   5.983230e+04,   7.242403e+03,   1.632010e-02,   1.203499e+02,   1.540604e+02
  1.426667e+06,   1.476033e+01,   6.296907e+04,   7.623890e+03,   1.659265e-02,   1.234791e+02,   1.580283e+02
  1.487017e+06,   1.478276e+01,   6.639993e+04,   8.042646e+03,   1.687711e-02,   1.268253e+02,   1.622418e+02
  1.549919e+06,   1.483095e+01,   7.039401e+04,   8.534137e+03,   1.719034e-02,   1.306432e+02,   1.669744e+02
  1.615482e+06,   1.488420e+01,   7.476446e+04,   9.072974e+03,   1.752118e-02,   1.347046e+02,   1.719942e+02
  1.683818e+06,   1.494131e+01,   7.954731e+04,   9.663595e+03,   1.787139e-02,   1.390200e+02,   1.773165e+02
  1.755046e+06,   1.500756e+01,   8.472435e+04,   1.030503e+04,   1.823069e-02,   1.435597e+02,   1.828844e+02
  1.829286e+06,   1.507114e+01,   9.026145e+04,   1.099114e+04,   1.860339e-02,   1.482622e+02,   1.886570e+02
  1.906666e+06,   1.513304e+01,   9.618196e+04,   1.172509e+04,   1.898815e-02,   1.531327e+02,   1.946376e+02
  1.987320e+06,   1.519616e+01,   1.024534e+05,   1.250364e+04,   1.937664e-02,   1.581352e+02,   2.007700e+02
  2.071386e+06,   1.523434e+01,   1.086956e+05,   1.327441e+04,   1.975508e-02,   1.629364e+02,   2.067259e+02
  2.159007e+06,   1.527305e+01,   1.153300e+05,   1.409420e+04,   2.014168e-02,   1.678924e+02,   2.128689e+02
  2.250335e+06,   1.532903e+01,   1.226725e+05,   1.500615e+04,   2.054629e-02,   1.732391e+02,   2.194332e+02
  2.345526e+06,   1.540372e+01,   1.310667e+05,   1.605368e+04,   2.099176e-02,   1.791839e+02,   2.266701e+02
  2.444744e+06,   1.549630e+01,   1.405644e+05,   1.724433e+04,   2.147393e-02,   1.857095e+02,   2.345537e+02
  2.548159e+06,   1.552771e+01,   1.491040e+05,   1.830168e+04,   2.190118e-02,   1.913183e+02,   2.415093e+02
  2.655949e+06,   1.550641e+01,   1.565735e+05,   1.921158e+04,   2.226785e-02,   1.960166e+02,   2.475293e+02
  2.768298e+06,   1.547018e+01,   1.640458e+05,   2.011602e+04,   2.262703e-02,   2.005776e+02,   2.534449e+02
  2.885400e+06,   1.549081e+01,   1.725937e+05,   2.117162e+04,   2.298040e-02,   2.057731e+02,   2.599186e+02
  3.007455e+06,   1.553288e+01,   1.824064e+05,   2.239123e+04,   2.337384e-02,   2.116171e+02,   2.671100e+02
  3.134673e+06,   1.556094e+01,   1.923042e+05,   2.361741e+04,   2.375606e-02,   2.173341e+02,   2.741965e+02
  3.267273e+06,   1.552412e+01,   2.005658e+05,   2.461672e+04,   2.406955e-02,   2.218846e+02,   2.801113e+02
  3.405482e+06,   1.548879e+01,   2.092746e+05,   2.567022e+04,   2.438919e-02,   2.265828e+02,   2.862138e+02
  3.549537e+06,   1.545484e+01,   2.184588e+05,   2.678128e+04,   2.471550e-02,   2.314344e+02,   2.925113e+02
  3.699685e+06,   1.542218e+01,   2.281471e+05,   2.795334e+04,   2.504872e-02,   2.364445e+02,   2.990107e+02
  3.856186e+06,   1.543366e+01,   2.399307e+05,   2.940279e+04,   2.543342e-02,   2.424976e+02,   3.066052e+02
  4.019306e+06,   1.555087e+01,   2.567137e+05,   3.152217e+04,   2.595334e-02,   2.510853e+02,   3.168318e+02
  4.189326e+06,   1.568704e+01,   2.751244e+05,   3.385947e+04,   2.648851e-02,   2.602281e+02,   3.276241e+02
  4.366539e+06,   1.576647e+01,   2.926029e+05,   3.605776e+04,   2.698650e-02,   2.685420e+02,   3.376505e+02
  4.551248e+06,   1.568841e+01,   3.041657e+05,   3.743464e+04,   2.732705e-02,   2.736212e+02,   3.444780e+02
  4.743770e+06,   1.561112e+01,   3.162137e+05,   3.886751e+04,   2.766964e-02,   2.788088e+02,   3.514596e+02
  4.944436e+06,   1.554258e+01,   3.289345e+05,   4.038461e+04,   2.801177e-02,   2.841981e+02,   3.586653e+02
  5.153590e+06,   1.549495e+01,   3.426391e+05,   4.203328e+04,   2.834981e-02,   2.899412e+02,   3.662082e+02
  5.371592e+06,   1.544733e+01,   3.569245e+05,   4.375022e+04,   2.869011e-02,   2.958036e+02,   3.739159e+02
  5.598815e+06,   1.539983e+01,   3.718174e+05,   4.553860e+04,   2.903228e-02,   3.017889e+02,   3.817927e+02
  5.835650e+06,   1.535258e+01,   3.873493e+05,   4.740216e+04,   2.937638e-02,   3.079020e+02,   3.898444e+02
  6.082504e+06,   1.530791e+01,   4.036123e+05,   4.935398e+04,   2.972188e-02,   3.141772e+02,   3.980988e+02
  6.339800e+06,   1.527653e+01,   4.209437e+05,   5.144501e+04,   3.006570e-02,   3.207637e+02,   4.066679e+02
  6.607979e+06,   1.524537e+01,   4.390517e+05,   5.362866e+04,   3.041210e-02,   3.275006e+02,   4.154364e+02
  6.887503e+06,   1.527311e+01,   4.613738e+05,   5.638246e+04,   3.081374e-02,   3.358046e+02,   4.257624e+02
  7.178851e+06,   1.542024e+01,   4.923300e+05,   6.031935e+04,   3.133478e-02,   3.473303e+02,   4.392529e+02
  7.482523e+06,   1.550574e+01,   5.213203e+05,   6.396453e+04,   3.180870e-02,   3.576708e+02,   4.516710e+02
  7.799041e+06,   1.544626e+01,   5.423105e+05,   6.647262e+04,   3.215919e-02,   3.646156e+02,   4.609075e+02
  8.128948e+06,   1.538678e+01,   5.641069e+05,   6.907367e+04,   3.250954e-02,   3.716809e+02,   4.703187e+02
  8.472810e+06,   1.532732e+01,   5.867367e+05,   7.177067e+04,   3.285953e-02,   3.788676e+02,   4.799067e+02
  8.831218e+06,   1.536149e+01,   6.171516e+05,   7.553569e+04,   3.329339e-02,   3.886785e+02,   4.920422e+02
  9.204787e+06,   1.541322e+01,   6.503913e+05,   7.967521e+04,   3.374329e-02,   3.991863e+02,   5.048938e+02
  9.594158e+06,   1.533915e+01,   6.754032e+05,   8.263347e+04,   3.408940e-02,   4.065295e+02,   5.148398e+02
