Hugoniot 
Temperature Density   Pressure   IntEnergy  SpEntropy   Part. Vel.  Shock Vel. 
K ,          g/cm3   ,   GPa   ,     MJ/kg  , MJ/K/kg ,   km/s ,    km/s
  5.000000e+02,   3.227000e+00,   1.000000e-04,   4.112881e-01,   1.681236e-03,   0.000000e+00,   6.088922e-04
  5.500000e+02,   3.487494e+00,   8.078925e+00,   5.051735e-01,   1.740983e-03,   4.324313e-01,   5.789381e+00
  6.000000e+02,   3.651028e+00,   1.541137e+01,   6.889827e-01,   1.799808e-03,   7.447479e-01,   6.412540e+00
  6.500000e+02,   3.788164e+00,   2.169782e+01,   9.095373e-01,   1.859414e-03,   9.980177e-01,   6.737162e+00
  7.000000e+02,   3.901301e+00,   2.705520e+01,   1.136101e+00,   1.919055e-03,   1.203781e+00,   6.964708e+00
  7.500000e+02,   3.996239e+00,   3.170996e+01,   1.357188e+00,   1.977638e-03,   1.375316e+00,   7.144845e+00
  8.000000e+02,   4.077408e+00,   3.583156e+01,   1.569541e+00,   2.034580e-03,   1.521789e+00,   7.296443e+00
  8.500000e+02,   4.148518e+00,   3.956115e+01,   1.773151e+00,   2.089491e-03,   1.650212e+00,   7.428978e+00
  9.000000e+02,   4.211678e+00,   4.297910e+01,   1.968511e+00,   2.142320e-03,   1.764608e+00,   7.547605e+00
  9.500000e+02,   4.268635e+00,   4.615205e+01,   2.156564e+00,   2.193053e-03,   1.868137e+00,   7.655655e+00
  1.000000e+03,   4.320720e+00,   4.913111e+01,   2.338333e+00,   2.241726e-03,   1.963150e+00,   7.755385e+00
  1.050000e+03,   4.368345e+00,   5.193187e+01,   2.513944e+00,   2.288527e-03,   2.050534e+00,   7.848147e+00
  1.100000e+03,   4.412687e+00,   5.459993e+01,   2.684696e+00,   2.333458e-03,   2.132208e+00,   7.935288e+00
  1.150000e+03,   4.454178e+00,   5.715202e+01,   2.851034e+00,   2.376645e-03,   2.208950e+00,   8.017628e+00
  1.200000e+03,   4.492874e+00,   5.959016e+01,   3.012895e+00,   2.418260e-03,   2.280975e+00,   8.095698e+00
  1.250000e+03,   4.934429e+00,   7.325847e+01,   4.339486e+00,   2.400899e-03,   2.802735e+00,   8.099837e+00
  1.300000e+03,   4.944873e+00,   7.456288e+01,   4.425107e+00,   2.443429e-03,   2.833215e+00,   8.155368e+00
  1.350000e+03,   4.955024e+00,   7.585656e+01,   4.510502e+00,   2.484343e-03,   2.863181e+00,   8.210031e+00
  1.400000e+03,   4.964936e+00,   7.714129e+01,   4.595700e+00,   2.523752e-03,   2.892703e+00,   8.263872e+00
  1.450000e+03,   4.974831e+00,   7.842417e+01,   4.680835e+00,   2.561727e-03,   2.922037e+00,   8.316961e+00
  1.500000e+03,   4.984608e+00,   7.970184e+01,   4.765844e+00,   2.598379e-03,   2.951073e+00,   8.369296e+00
  1.550000e+03,   4.994016e+00,   8.096595e+01,   4.850577e+00,   2.633835e-03,   2.979523e+00,   8.420855e+00
  1.600000e+03,   5.003407e+00,   8.222820e+01,   4.935240e+00,   2.668118e-03,   3.007800e+00,   8.471734e+00
  1.650000e+03,   5.012781e+00,   8.348858e+01,   5.019833e+00,   2.701300e-03,   3.035907e+00,   8.521952e+00
  1.700000e+03,   5.021847e+00,   8.473712e+01,   5.104188e+00,   2.733492e-03,   3.063509e+00,   8.571466e+00
  1.750000e+03,   5.030777e+00,   8.597968e+01,   5.188402e+00,   2.764725e-03,   3.090808e+00,   8.620338e+00
  1.800000e+03,   5.039690e+00,   8.722042e+01,   5.272544e+00,   2.795038e-03,   3.117950e+00,   8.668611e+00
  1.850000e+03,   5.048585e+00,   8.845927e+01,   5.356613e+00,   2.824479e-03,   3.144936e+00,   8.716299e+00
  1.900000e+03,   5.057089e+00,   8.968309e+01,   5.440402e+00,   2.853153e-03,   3.171330e+00,   8.763341e+00
  1.950000e+03,   5.065579e+00,   9.090516e+01,   5.524119e+00,   2.881044e-03,   3.197578e+00,   8.809839e+00
  2.000000e+03,   5.074054e+00,   9.212549e+01,   5.607765e+00,   2.908194e-03,   3.223684e+00,   8.855803e+00
  2.050000e+03,   5.082474e+00,   9.334264e+01,   5.691319e+00,   2.934643e-03,   3.249602e+00,   8.901239e+00
  2.100000e+03,   5.090574e+00,   9.454697e+01,   5.774638e+00,   2.960468e-03,   3.275021e+00,   8.946109e+00
  2.150000e+03,   5.098660e+00,   9.574965e+01,   5.857888e+00,   2.985652e-03,   3.300307e+00,   8.990491e+00
  2.200000e+03,   5.106732e+00,   9.695068e+01,   5.941069e+00,   3.010226e-03,   3.325463e+00,   9.034399e+00
  2.250000e+03,   5.114782e+00,   9.814974e+01,   6.024178e+00,   3.034218e-03,   3.350481e+00,   9.077840e+00
  2.300000e+03,   5.122510e+00,   9.933567e+01,   6.107059e+00,   3.057700e-03,   3.375006e+00,   9.120766e+00
  2.350000e+03,   5.130225e+00,   1.005201e+02,   6.189876e+00,   3.080650e-03,   3.399410e+00,   9.163256e+00
  2.400000e+03,   5.137928e+00,   1.017029e+02,   6.272629e+00,   3.103089e-03,   3.423696e+00,   9.205321e+00
  2.450000e+03,   5.145618e+00,   1.028843e+02,   6.355319e+00,   3.125040e-03,   3.447866e+00,   9.246969e+00
  2.500000e+03,   5.153078e+00,   1.040558e+02,   6.437837e+00,   3.146554e-03,   3.471659e+00,   9.288164e+00
  2.550000e+03,   5.160452e+00,   1.052230e+02,   6.520258e+00,   3.167630e-03,   3.495252e+00,   9.328952e+00
  2.600000e+03,   5.167815e+00,   1.063889e+02,   6.602622e+00,   3.188274e-03,   3.518739e+00,   9.369357e+00
  2.650000e+03,   5.175167e+00,   1.075533e+02,   6.684929e+00,   3.208502e-03,   3.542119e+00,   9.409387e+00
  2.700000e+03,   5.182438e+00,   1.087137e+02,   6.767146e+00,   3.228342e-03,   3.565310e+00,   9.449035e+00
  2.750000e+03,   5.189498e+00,   1.098648e+02,   6.849213e+00,   3.247827e-03,   3.588158e+00,   9.488285e+00
  2.800000e+03,   5.196548e+00,   1.110148e+02,   6.931229e+00,   3.266942e-03,   3.610909e+00,   9.527190e+00
  2.850000e+03,   5.203589e+00,   1.121635e+02,   7.013197e+00,   3.285701e-03,   3.633563e+00,   9.565756e+00
  2.900000e+03,   5.210621e+00,   1.133110e+02,   7.095118e+00,   3.304115e-03,   3.656124e+00,   9.603991e+00
  2.950000e+03,   5.217498e+00,   1.144515e+02,   7.176925e+00,   3.322220e-03,   3.678416e+00,   9.641871e+00
  3.000000e+03,   5.224261e+00,   1.155866e+02,   7.258638e+00,   3.340019e-03,   3.700488e+00,   9.679414e+00
  3.050000e+03,   5.231016e+00,   1.167206e+02,   7.340311e+00,   3.357510e-03,   3.722474e+00,   9.716651e+00
  3.100000e+03,   5.237762e+00,   1.178537e+02,   7.421946e+00,   3.374702e-03,   3.744375e+00,   9.753588e+00
  3.150000e+03,   5.244500e+00,   1.189857e+02,   7.503544e+00,   3.391605e-03,   3.766192e+00,   9.790231e+00
  3.200000e+03,   5.251071e+00,   1.201100e+02,   7.585033e+00,   3.408252e-03,   3.787729e+00,   9.826551e+00
  3.250000e+03,   5.257561e+00,   1.212305e+02,   7.666456e+00,   3.424640e-03,   3.809098e+00,   9.862577e+00
  3.300000e+03,   5.264044e+00,   1.223500e+02,   7.747850e+00,   3.440766e-03,   3.830389e+00,   9.898330e+00
  3.350000e+03,   5.270521e+00,   1.234688e+02,   7.829217e+00,   3.456638e-03,   3.851604e+00,   9.933816e+00
  3.400000e+03,   5.276992e+00,   1.245867e+02,   7.910558e+00,   3.472266e-03,   3.872746e+00,   9.969039e+00
  3.450000e+03,   5.283327e+00,   1.256984e+02,   7.991824e+00,   3.487674e-03,   3.893655e+00,   1.000398e+01
  3.500000e+03,   5.289568e+00,   1.268055e+02,   8.073022e+00,   3.502864e-03,   3.914384e+00,   1.003865e+01
  3.550000e+03,   5.295803e+00,   1.279119e+02,   8.154202e+00,   3.517830e-03,   3.935043e+00,   1.007308e+01
  3.600000e+03,   5.302033e+00,   1.290177e+02,   8.235366e+00,   3.532580e-03,   3.955636e+00,   1.010727e+01
  3.650000e+03,   5.308258e+00,   1.301229e+02,   8.316516e+00,   3.547118e-03,   3.976162e+00,   1.014122e+01
  3.700000e+03,   5.314417e+00,   1.312247e+02,   8.397626e+00,   3.561460e-03,   3.996548e+00,   1.017493e+01
  3.750000e+03,   5.320429e+00,   1.323198e+02,   8.478661e+00,   3.575623e-03,   4.016692e+00,   1.020838e+01
  3.800000e+03,   5.326436e+00,   1.334144e+02,   8.559687e+00,   3.589593e-03,   4.036776e+00,   1.024162e+01
  3.850000e+03,   5.332440e+00,   1.345084e+02,   8.640708e+00,   3.603375e-03,   4.056799e+00,   1.027464e+01
  3.900000e+03,   5.338439e+00,   1.356020e+02,   8.721725e+00,   3.616974e-03,   4.076763e+00,   1.030745e+01
  3.950000e+03,   5.344434e+00,   1.366951e+02,   8.802739e+00,   3.630395e-03,   4.096670e+00,   1.034005e+01
  4.000000e+03,   5.350273e+00,   1.377810e+02,   8.883683e+00,   3.643664e-03,   4.116328e+00,   1.037242e+01
  4.050000e+03,   5.356071e+00,   1.388648e+02,   8.964612e+00,   3.656770e-03,   4.135884e+00,   1.040458e+01
  4.100000e+03,   5.361866e+00,   1.399482e+02,   9.045544e+00,   3.669711e-03,   4.155385e+00,   1.043654e+01
  4.150000e+03,   5.367657e+00,   1.410313e+02,   9.126481e+00,   3.682493e-03,   4.174834e+00,   1.046832e+01
  4.200000e+03,   5.373445e+00,   1.421141e+02,   9.207423e+00,   3.695118e-03,   4.194232e+00,   1.049991e+01
  4.250000e+03,   5.379213e+00,   1.431957e+02,   9.288365e+00,   3.707594e-03,   4.213555e+00,   1.053130e+01
  4.300000e+03,   5.384816e+00,   1.442697e+02,   9.369244e+00,   3.719943e-03,   4.232625e+00,   1.056249e+01
  4.350000e+03,   5.390418e+00,   1.453435e+02,   9.450134e+00,   3.732148e-03,   4.251647e+00,   1.059349e+01
  4.400000e+03,   5.396017e+00,   1.464171e+02,   9.531036e+00,   3.744212e-03,   4.270621e+00,   1.062433e+01
  4.450000e+03,   5.401614e+00,   1.474904e+02,   9.611952e+00,   3.756137e-03,   4.289549e+00,   1.065499e+01
  4.500000e+03,   5.407208e+00,   1.485636e+02,   9.692881e+00,   3.767928e-03,   4.308430e+00,   1.068548e+01
  4.550000e+03,   5.412766e+00,   1.496350e+02,   9.773811e+00,   3.779592e-03,   4.327222e+00,   1.071580e+01
  4.600000e+03,   5.418188e+00,   1.507000e+02,   9.854698e+00,   3.791146e-03,   4.345800e+00,   1.074593e+01
  4.650000e+03,   5.423609e+00,   1.517648e+02,   9.935603e+00,   3.802575e-03,   4.364335e+00,   1.077590e+01
  4.700000e+03,   5.429027e+00,   1.528295e+02,   1.001653e+01,   3.813880e-03,   4.382827e+00,   1.080572e+01
  4.750000e+03,   5.434445e+00,   1.538942e+02,   1.009747e+01,   3.825065e-03,   4.401278e+00,   1.083538e+01
  4.800000e+03,   5.439860e+00,   1.549587e+02,   1.017843e+01,   3.836133e-03,   4.419687e+00,   1.086489e+01
  4.850000e+03,   5.445256e+00,   1.560223e+02,   1.025941e+01,   3.847088e-03,   4.438032e+00,   1.089424e+01
  4.900000e+03,   5.450510e+00,   1.570791e+02,   1.034035e+01,   3.857949e-03,   4.456158e+00,   1.092342e+01
  4.950000e+03,   5.455762e+00,   1.581359e+02,   1.042131e+01,   3.868701e-03,   4.474244e+00,   1.095245e+01
  5.000000e+03,   5.461013e+00,   1.591926e+02,   1.050229e+01,   3.879344e-03,   4.492293e+00,   1.098135e+01
  5.050000e+03,   5.466263e+00,   1.602493e+02,   1.058330e+01,   3.889882e-03,   4.510303e+00,   1.101010e+01
  5.100000e+03,   5.471512e+00,   1.613060e+02,   1.066433e+01,   3.900316e-03,   4.528276e+00,   1.103871e+01
  5.150000e+03,   5.476759e+00,   1.623627e+02,   1.074539e+01,   3.910648e-03,   4.546212e+00,   1.106719e+01
  5.200000e+03,   5.481882e+00,   1.634133e+02,   1.082642e+01,   3.920898e-03,   4.563952e+00,   1.109550e+01
  5.250000e+03,   5.486977e+00,   1.644626e+02,   1.090746e+01,   3.931053e-03,   4.581623e+00,   1.112368e+01
  5.300000e+03,   5.492071e+00,   1.655119e+02,   1.098853e+01,   3.941113e-03,   4.599260e+00,   1.115173e+01
  5.350000e+03,   5.497165e+00,   1.665613e+02,   1.106963e+01,   3.951079e-03,   4.616861e+00,   1.117965e+01
  5.400000e+03,   5.502257e+00,   1.676107e+02,   1.115075e+01,   3.960952e-03,   4.634428e+00,   1.120744e+01
  5.450000e+03,   5.507349e+00,   1.686602e+02,   1.123191e+01,   3.970735e-03,   4.651961e+00,   1.123511e+01
  5.500000e+03,   5.512390e+00,   1.697072e+02,   1.131306e+01,   3.980436e-03,   4.669397e+00,   1.126264e+01
  5.550000e+03,   5.517338e+00,   1.707496e+02,   1.139420e+01,   3.990062e-03,   4.686680e+00,   1.129003e+01
  5.600000e+03,   5.522285e+00,   1.717921e+02,   1.147538e+01,   3.999603e-03,   4.703930e+00,   1.131731e+01
  5.650000e+03,   5.527231e+00,   1.728346e+02,   1.155657e+01,   4.009059e-03,   4.721148e+00,   1.134446e+01
  5.700000e+03,   5.532177e+00,   1.738771e+02,   1.163780e+01,   4.018433e-03,   4.738335e+00,   1.137149e+01
  5.750000e+03,   5.537121e+00,   1.749198e+02,   1.171906e+01,   4.027725e-03,   4.755489e+00,   1.139842e+01
  5.800000e+03,   5.542065e+00,   1.759625e+02,   1.180034e+01,   4.036937e-03,   4.772612e+00,   1.142522e+01
  5.850000e+03,   5.546917e+00,   1.770006e+02,   1.188161e+01,   4.046083e-03,   4.789587e+00,   1.145189e+01
  5.900000e+03,   5.551725e+00,   1.780364e+02,   1.196289e+01,   4.055158e-03,   4.806475e+00,   1.147845e+01
  5.950000e+03,   5.556531e+00,   1.790724e+02,   1.204419e+01,   4.064156e-03,   4.823332e+00,   1.150489e+01
  6.000000e+03,   5.561337e+00,   1.801084e+02,   1.212552e+01,   4.073080e-03,   4.840159e+00,   1.153122e+01
  6.050000e+03,   5.566142e+00,   1.811445e+02,   1.220688e+01,   4.081930e-03,   4.856956e+00,   1.155745e+01
  6.100000e+03,   5.570947e+00,   1.821807e+02,   1.228827e+01,   4.090708e-03,   4.873724e+00,   1.158356e+01
  6.150000e+03,   5.575750e+00,   1.832169e+02,   1.236969e+01,   4.099415e-03,   4.890462e+00,   1.160958e+01
  6.200000e+03,   5.580450e+00,   1.842478e+02,   1.245108e+01,   4.108065e-03,   4.907038e+00,   1.163546e+01
  6.250000e+03,   5.585124e+00,   1.852774e+02,   1.253249e+01,   4.116649e-03,   4.923553e+00,   1.166124e+01
  6.300000e+03,   5.589797e+00,   1.863071e+02,   1.261393e+01,   4.125166e-03,   4.940039e+00,   1.168692e+01
  6.350000e+03,   5.594470e+00,   1.873369e+02,   1.269539e+01,   4.133615e-03,   4.956497e+00,   1.171249e+01
  6.400000e+03,   5.599141e+00,   1.883667e+02,   1.277688e+01,   4.141999e-03,   4.972927e+00,   1.173797e+01
  6.450000e+03,   5.603812e+00,   1.893966e+02,   1.285839e+01,   4.150317e-03,   4.989329e+00,   1.176335e+01
  6.500000e+03,   5.608482e+00,   1.904265e+02,   1.293993e+01,   4.158571e-03,   5.005703e+00,   1.178862e+01
  6.550000e+03,   5.613061e+00,   1.914517e+02,   1.302145e+01,   4.166775e-03,   5.021933e+00,   1.181379e+01
  6.600000e+03,   5.617608e+00,   1.924752e+02,   1.310298e+01,   4.174920e-03,   5.038094e+00,   1.183884e+01
  6.650000e+03,   5.622154e+00,   1.934987e+02,   1.318454e+01,   4.183003e-03,   5.054228e+00,   1.186381e+01
  6.700000e+03,   5.626698e+00,   1.945224e+02,   1.326611e+01,   4.191027e-03,   5.070335e+00,   1.188868e+01
  6.750000e+03,   5.631242e+00,   1.955460e+02,   1.334772e+01,   4.198990e-03,   5.086416e+00,   1.191346e+01
  6.800000e+03,   5.635785e+00,   1.965697e+02,   1.342934e+01,   4.206895e-03,   5.102470e+00,   1.193814e+01
  6.850000e+03,   5.640327e+00,   1.975933e+02,   1.351099e+01,   4.214742e-03,   5.118498e+00,   1.196274e+01
  6.900000e+03,   5.644813e+00,   1.986141e+02,   1.359263e+01,   4.222539e-03,   5.134427e+00,   1.198723e+01
  6.950000e+03,   5.649238e+00,   1.996315e+02,   1.367427e+01,   4.230287e-03,   5.150251e+00,   1.201162e+01
  7.000000e+03,   5.653661e+00,   2.006490e+02,   1.375593e+01,   4.237980e-03,   5.166050e+00,   1.203592e+01
  7.050000e+03,   5.658084e+00,   2.016665e+02,   1.383761e+01,   4.245617e-03,   5.181823e+00,   1.206013e+01
  7.100000e+03,   5.662505e+00,   2.026840e+02,   1.391931e+01,   4.253200e-03,   5.197570e+00,   1.208426e+01
  7.150000e+03,   5.666925e+00,   2.037015e+02,   1.400103e+01,   4.260730e-03,   5.213292e+00,   1.210830e+01
  7.200000e+03,   5.671344e+00,   2.047190e+02,   1.408277e+01,   4.268207e-03,   5.228988e+00,   1.213225e+01
  7.250000e+03,   5.675761e+00,   2.057364e+02,   1.416452e+01,   4.275632e-03,   5.244658e+00,   1.215612e+01
  7.300000e+03,   5.680068e+00,   2.067478e+02,   1.424625e+01,   4.283020e-03,   5.260160e+00,   1.217988e+01
  7.350000e+03,   5.684374e+00,   2.077592e+02,   1.432799e+01,   4.290356e-03,   5.275637e+00,   1.220355e+01
  7.400000e+03,   5.688679e+00,   2.087706e+02,   1.440975e+01,   4.297643e-03,   5.291089e+00,   1.222715e+01
  7.450000e+03,   5.692983e+00,   2.097820e+02,   1.449153e+01,   4.304879e-03,   5.306517e+00,   1.225066e+01
  7.500000e+03,   5.697285e+00,   2.107933e+02,   1.457333e+01,   4.312067e-03,   5.321921e+00,   1.227409e+01
  7.550000e+03,   5.701586e+00,   2.118046e+02,   1.465514e+01,   4.319206e-03,   5.337300e+00,   1.229744e+01
  7.600000e+03,   5.705886e+00,   2.128159e+02,   1.473697e+01,   4.326298e-03,   5.352654e+00,   1.232071e+01
  7.650000e+03,   5.710149e+00,   2.138252e+02,   1.481879e+01,   4.333347e-03,   5.367938e+00,   1.234389e+01
  7.700000e+03,   5.714342e+00,   2.148305e+02,   1.490060e+01,   4.340358e-03,   5.383107e+00,   1.236698e+01
  7.750000e+03,   5.718534e+00,   2.158358e+02,   1.498243e+01,   4.347323e-03,   5.398252e+00,   1.238999e+01
  7.800000e+03,   5.722724e+00,   2.168410e+02,   1.506426e+01,   4.354242e-03,   5.413373e+00,   1.241293e+01
  7.850000e+03,   5.726913e+00,   2.178462e+02,   1.514612e+01,   4.361116e-03,   5.428471e+00,   1.243579e+01
  7.900000e+03,   5.731100e+00,   2.188513e+02,   1.522798e+01,   4.367946e-03,   5.443545e+00,   1.245857e+01
  7.950000e+03,   5.735286e+00,   2.198564e+02,   1.530986e+01,   4.374732e-03,   5.458596e+00,   1.248127e+01
  8.000000e+03,   5.739471e+00,   2.208614e+02,   1.539175e+01,   4.381474e-03,   5.473623e+00,   1.250391e+01
  8.050000e+03,   5.743609e+00,   2.218637e+02,   1.547363e+01,   4.388179e-03,   5.488567e+00,   1.252645e+01
  8.100000e+03,   5.747692e+00,   2.228629e+02,   1.555550e+01,   4.394848e-03,   5.503417e+00,   1.254891e+01
  8.150000e+03,   5.751773e+00,   2.238620e+02,   1.563738e+01,   4.401475e-03,   5.518243e+00,   1.257130e+01
  8.200000e+03,   5.755852e+00,   2.248610e+02,   1.571927e+01,   4.408061e-03,   5.533047e+00,   1.259362e+01
  8.250000e+03,   5.759931e+00,   2.258599e+02,   1.580117e+01,   4.414606e-03,   5.547829e+00,   1.261586e+01
  8.300000e+03,   5.764007e+00,   2.268588e+02,   1.588308e+01,   4.421109e-03,   5.562587e+00,   1.263804e+01
  8.350000e+03,   5.768083e+00,   2.278576e+02,   1.596500e+01,   4.427573e-03,   5.577323e+00,   1.266014e+01
  8.400000e+03,   5.772157e+00,   2.288563e+02,   1.604694e+01,   4.433997e-03,   5.592037e+00,   1.268217e+01
  8.450000e+03,   5.776195e+00,   2.298529e+02,   1.612886e+01,   4.440385e-03,   5.606682e+00,   1.270413e+01
  8.500000e+03,   5.780171e+00,   2.308458e+02,   1.621076e+01,   4.446743e-03,   5.621226e+00,   1.272600e+01
  8.550000e+03,   5.784145e+00,   2.318387e+02,   1.629268e+01,   4.453062e-03,   5.635747e+00,   1.274780e+01
  8.600000e+03,   5.788118e+00,   2.328315e+02,   1.637460e+01,   4.459343e-03,   5.650246e+00,   1.276954e+01
  8.650000e+03,   5.792090e+00,   2.338241e+02,   1.645653e+01,   4.465586e-03,   5.664724e+00,   1.279120e+01
  8.700000e+03,   5.796060e+00,   2.348167e+02,   1.653846e+01,   4.471792e-03,   5.679180e+00,   1.281281e+01
  8.750000e+03,   5.800028e+00,   2.358092e+02,   1.662041e+01,   4.477961e-03,   5.693614e+00,   1.283434e+01
  8.800000e+03,   5.803995e+00,   2.368016e+02,   1.670236e+01,   4.484093e-03,   5.708027e+00,   1.285581e+01
  8.850000e+03,   5.807956e+00,   2.377935e+02,   1.678432e+01,   4.490190e-03,   5.722412e+00,   1.287721e+01
  8.900000e+03,   5.811829e+00,   2.387803e+02,   1.686624e+01,   4.496262e-03,   5.736661e+00,   1.289853e+01
  8.950000e+03,   5.815701e+00,   2.397669e+02,   1.694816e+01,   4.502299e-03,   5.750889e+00,   1.291978e+01
  9.000000e+03,   5.819572e+00,   2.407535e+02,   1.703010e+01,   4.508300e-03,   5.765096e+00,   1.294097e+01
  9.050000e+03,   5.823440e+00,   2.417399e+02,   1.711203e+01,   4.514267e-03,   5.779283e+00,   1.296210e+01
  9.100000e+03,   5.827307e+00,   2.427262e+02,   1.719398e+01,   4.520199e-03,   5.793448e+00,   1.298316e+01
  9.150000e+03,   5.831173e+00,   2.437124e+02,   1.727593e+01,   4.526097e-03,   5.807593e+00,   1.300416e+01
  9.200000e+03,   5.835037e+00,   2.446984e+02,   1.735788e+01,   4.531962e-03,   5.821717e+00,   1.302510e+01
  9.250000e+03,   5.838899e+00,   2.456843e+02,   1.743984e+01,   4.537793e-03,   5.835820e+00,   1.304597e+01
  9.300000e+03,   5.842716e+00,   2.466674e+02,   1.752179e+01,   4.543597e-03,   5.849843e+00,   1.306678e+01
  9.350000e+03,   5.846489e+00,   2.476479e+02,   1.760371e+01,   4.549374e-03,   5.863790e+00,   1.308751e+01
  9.400000e+03,   5.850260e+00,   2.486282e+02,   1.768564e+01,   4.555118e-03,   5.877717e+00,   1.310818e+01
  9.450000e+03,   5.854030e+00,   2.496084e+02,   1.776758e+01,   4.560831e-03,   5.891624e+00,   1.312880e+01
  9.500000e+03,   5.857798e+00,   2.505884e+02,   1.784951e+01,   4.566511e-03,   5.905511e+00,   1.314935e+01
  9.550000e+03,   5.861564e+00,   2.515684e+02,   1.793146e+01,   4.572160e-03,   5.919378e+00,   1.316985e+01
  9.600000e+03,   5.865329e+00,   2.525481e+02,   1.801340e+01,   4.577778e-03,   5.933225e+00,   1.319029e+01
  9.650000e+03,   5.869093e+00,   2.535278e+02,   1.809535e+01,   4.583365e-03,   5.947052e+00,   1.321067e+01
  9.700000e+03,   5.872854e+00,   2.545073e+02,   1.817730e+01,   4.588922e-03,   5.960860e+00,   1.323099e+01
  9.750000e+03,   5.876552e+00,   2.554829e+02,   1.825922e+01,   4.594456e-03,   5.974565e+00,   1.325124e+01
  9.800000e+03,   5.880228e+00,   2.564570e+02,   1.834114e+01,   4.599963e-03,   5.988223e+00,   1.327142e+01
  9.850000e+03,   5.883903e+00,   2.574311e+02,   1.842306e+01,   4.605441e-03,   6.001862e+00,   1.329156e+01
  9.900000e+03,   5.887576e+00,   2.584049e+02,   1.850498e+01,   4.610889e-03,   6.015482e+00,   1.331163e+01
  9.950000e+03,   5.891247e+00,   2.593787e+02,   1.858690e+01,   4.616308e-03,   6.029082e+00,   1.333165e+01
  1.000000e+04,   5.894917e+00,   2.603523e+02,   1.866883e+01,   4.621698e-03,   6.042664e+00,   1.335162e+01
  1.005000e+04,   5.898585e+00,   2.613258e+02,   1.875075e+01,   4.627059e-03,   6.056227e+00,   1.337153e+01
  1.010000e+04,   5.902252e+00,   2.622991e+02,   1.883268e+01,   4.632392e-03,   6.069771e+00,   1.339138e+01
  1.015000e+04,   5.905917e+00,   2.632723e+02,   1.891462e+01,   4.637697e-03,   6.083296e+00,   1.341118e+01
  1.020000e+04,   5.909520e+00,   2.642415e+02,   1.899652e+01,   4.642983e-03,   6.096722e+00,   1.343091e+01
  1.025000e+04,   5.913103e+00,   2.652095e+02,   1.907841e+01,   4.648242e-03,   6.110104e+00,   1.345059e+01
  1.030000e+04,   5.916685e+00,   2.661773e+02,   1.916031e+01,   4.653475e-03,   6.123468e+00,   1.347021e+01
  1.035000e+04,   5.920265e+00,   2.671450e+02,   1.924220e+01,   4.658681e-03,   6.136814e+00,   1.348978e+01
  1.040000e+04,   5.923843e+00,   2.681125e+02,   1.932410e+01,   4.663860e-03,   6.150141e+00,   1.350930e+01
  1.045000e+04,   5.927420e+00,   2.690799e+02,   1.940600e+01,   4.669012e-03,   6.163450e+00,   1.352877e+01
  1.050000e+04,   5.930995e+00,   2.700472e+02,   1.948791e+01,   4.674138e-03,   6.176742e+00,   1.354818e+01
  1.055000e+04,   5.934569e+00,   2.710143e+02,   1.956981e+01,   4.679238e-03,   6.190015e+00,   1.356755e+01
  1.060000e+04,   5.938141e+00,   2.719812e+02,   1.965171e+01,   4.684312e-03,   6.203270e+00,   1.358686e+01
  1.065000e+04,   5.941671e+00,   2.729455e+02,   1.973360e+01,   4.689366e-03,   6.216454e+00,   1.360611e+01
  1.070000e+04,   5.945165e+00,   2.739074e+02,   1.981546e+01,   4.694399e-03,   6.229572e+00,   1.362531e+01
  1.075000e+04,   5.948657e+00,   2.748691e+02,   1.989733e+01,   4.699407e-03,   6.242674e+00,   1.364445e+01
  1.080000e+04,   5.952148e+00,   2.758307e+02,   1.997920e+01,   4.704389e-03,   6.255758e+00,   1.366355e+01
  1.085000e+04,   5.955637e+00,   2.767921e+02,   2.006107e+01,   4.709348e-03,   6.268825e+00,   1.368260e+01
  1.090000e+04,   5.959125e+00,   2.777535e+02,   2.014294e+01,   4.714281e-03,   6.281874e+00,   1.370160e+01
  1.095000e+04,   5.962611e+00,   2.787146e+02,   2.022481e+01,   4.719191e-03,   6.294906e+00,   1.372055e+01
  1.100000e+04,   5.966096e+00,   2.796756e+02,   2.030668e+01,   4.724076e-03,   6.307921e+00,   1.373945e+01
  1.105000e+04,   5.969579e+00,   2.806365e+02,   2.038856e+01,   4.728938e-03,   6.320919e+00,   1.375830e+01
  1.110000e+04,   5.973055e+00,   2.815969e+02,   2.047043e+01,   4.733776e-03,   6.333894e+00,   1.377711e+01
  1.115000e+04,   5.976463e+00,   2.825529e+02,   2.055226e+01,   4.738600e-03,   6.346761e+00,   1.379585e+01
  1.120000e+04,   5.979870e+00,   2.835087e+02,   2.063410e+01,   4.743400e-03,   6.359612e+00,   1.381455e+01
  1.125000e+04,   5.983275e+00,   2.844644e+02,   2.071593e+01,   4.748178e-03,   6.372446e+00,   1.383320e+01
  1.130000e+04,   5.986679e+00,   2.854199e+02,   2.079777e+01,   4.752932e-03,   6.385264e+00,   1.385180e+01
  1.135000e+04,   5.990081e+00,   2.863753e+02,   2.087961e+01,   4.757664e-03,   6.398066e+00,   1.387036e+01
  1.140000e+04,   5.993482e+00,   2.873306e+02,   2.096145e+01,   4.762374e-03,   6.410851e+00,   1.388887e+01
  1.145000e+04,   5.996881e+00,   2.882857e+02,   2.104329e+01,   4.767061e-03,   6.423620e+00,   1.390734e+01
  1.150000e+04,   6.000279e+00,   2.892407e+02,   2.112513e+01,   4.771726e-03,   6.436373e+00,   1.392576e+01
  1.155000e+04,   6.003675e+00,   2.901955e+02,   2.120697e+01,   4.776370e-03,   6.449109e+00,   1.394414e+01
  1.160000e+04,   6.007045e+00,   2.911485e+02,   2.128880e+01,   4.780995e-03,   6.461796e+00,   1.396247e+01
  1.165000e+04,   6.010370e+00,   2.920986e+02,   2.137061e+01,   4.785604e-03,   6.474408e+00,   1.398075e+01
  1.170000e+04,   6.013693e+00,   2.930485e+02,   2.145241e+01,   4.790191e-03,   6.487004e+00,   1.399898e+01
  1.175000e+04,   6.017015e+00,   2.939983e+02,   2.153422e+01,   4.794758e-03,   6.499585e+00,   1.401716e+01
  1.180000e+04,   6.020335e+00,   2.949480e+02,   2.161603e+01,   4.799303e-03,   6.512150e+00,   1.403531e+01
  1.185000e+04,   6.023654e+00,   2.958975e+02,   2.169784e+01,   4.803828e-03,   6.524699e+00,   1.405341e+01
  1.190000e+04,   6.026972e+00,   2.968470e+02,   2.177965e+01,   4.808332e-03,   6.537234e+00,   1.407147e+01
  1.195000e+04,   6.030288e+00,   2.977962e+02,   2.186146e+01,   4.812816e-03,   6.549752e+00,   1.408949e+01
  1.200000e+04,   6.033603e+00,   2.987454e+02,   2.194327e+01,   4.817279e-03,   6.562256e+00,   1.410746e+01
  1.205000e+04,   6.036916e+00,   2.996944e+02,   2.202508e+01,   4.821723e-03,   6.574744e+00,   1.412540e+01
  1.210000e+04,   6.040201e+00,   3.006414e+02,   2.210688e+01,   4.826149e-03,   6.587180e+00,   1.414328e+01
  1.215000e+04,   6.043446e+00,   3.015858e+02,   2.218866e+01,   4.830561e-03,   6.599549e+00,   1.416112e+01
  1.220000e+04,   6.046689e+00,   3.025301e+02,   2.227044e+01,   4.834954e-03,   6.611904e+00,   1.417891e+01
  1.225000e+04,   6.049931e+00,   3.034742e+02,   2.235222e+01,   4.839326e-03,   6.624244e+00,   1.419667e+01
  1.230000e+04,   6.053172e+00,   3.044183e+02,   2.243400e+01,   4.843680e-03,   6.636569e+00,   1.421438e+01
  1.235000e+04,   6.056412e+00,   3.053622e+02,   2.251579e+01,   4.848014e-03,   6.648879e+00,   1.423206e+01
  1.240000e+04,   6.059650e+00,   3.063059e+02,   2.259757e+01,   4.852329e-03,   6.661175e+00,   1.424969e+01
  1.245000e+04,   6.062887e+00,   3.072496e+02,   2.267936e+01,   4.856626e-03,   6.673456e+00,   1.426729e+01
  1.250000e+04,   6.066122e+00,   3.081931e+02,   2.276115e+01,   4.860904e-03,   6.685723e+00,   1.428484e+01
  1.255000e+04,   6.069356e+00,   3.091366e+02,   2.284294e+01,   4.865163e-03,   6.697976e+00,   1.430236e+01
  1.260000e+04,   6.072575e+00,   3.100789e+02,   2.292472e+01,   4.869405e-03,   6.710195e+00,   1.431983e+01
  1.265000e+04,   6.075743e+00,   3.110178e+02,   2.300647e+01,   4.873636e-03,   6.722333e+00,   1.433726e+01
  1.270000e+04,   6.078911e+00,   3.119567e+02,   2.308823e+01,   4.877848e-03,   6.734458e+00,   1.435465e+01
  1.275000e+04,   6.082077e+00,   3.128954e+02,   2.316999e+01,   4.882043e-03,   6.746569e+00,   1.437200e+01
  1.280000e+04,   6.085242e+00,   3.138340e+02,   2.325175e+01,   4.886219e-03,   6.758666e+00,   1.438931e+01
  1.285000e+04,   6.088405e+00,   3.147725e+02,   2.333352e+01,   4.890378e-03,   6.770750e+00,   1.440658e+01
  1.290000e+04,   6.091567e+00,   3.157109e+02,   2.341528e+01,   4.894520e-03,   6.782819e+00,   1.442382e+01
  1.295000e+04,   6.094729e+00,   3.166492e+02,   2.349705e+01,   4.898644e-03,   6.794875e+00,   1.444102e+01
  1.300000e+04,   6.097888e+00,   3.175874e+02,   2.357882e+01,   4.902750e-03,   6.806917e+00,   1.445818e+01
  1.305000e+04,   6.101047e+00,   3.185255e+02,   2.366060e+01,   4.906840e-03,   6.818946e+00,   1.447531e+01
  1.310000e+04,   6.104204e+00,   3.194634e+02,   2.374237e+01,   4.910912e-03,   6.830961e+00,   1.449240e+01
  1.315000e+04,   6.107312e+00,   3.203980e+02,   2.382412e+01,   4.914974e-03,   6.842898e+00,   1.450944e+01
  1.320000e+04,   6.110407e+00,   3.213316e+02,   2.390587e+01,   4.919020e-03,   6.854805e+00,   1.452644e+01
  1.325000e+04,   6.113500e+00,   3.222652e+02,   2.398761e+01,   4.923050e-03,   6.866698e+00,   1.454341e+01
  1.330000e+04,   6.116592e+00,   3.231986e+02,   2.406936e+01,   4.927063e-03,   6.878579e+00,   1.456035e+01
  1.335000e+04,   6.119683e+00,   3.241320e+02,   2.415111e+01,   4.931060e-03,   6.890447e+00,   1.457724e+01
  1.340000e+04,   6.122773e+00,   3.250652e+02,   2.423287e+01,   4.935041e-03,   6.902301e+00,   1.459411e+01
  1.345000e+04,   6.125862e+00,   3.259984e+02,   2.431463e+01,   4.939005e-03,   6.914143e+00,   1.461094e+01
  1.350000e+04,   6.128949e+00,   3.269315e+02,   2.439639e+01,   4.942954e-03,   6.925972e+00,   1.462773e+01
  1.355000e+04,   6.132036e+00,   3.278645e+02,   2.447816e+01,   4.946887e-03,   6.937788e+00,   1.464449e+01
  1.360000e+04,   6.135121e+00,   3.287974e+02,   2.455992e+01,   4.950803e-03,   6.949591e+00,   1.466121e+01
  1.365000e+04,   6.138198e+00,   3.297297e+02,   2.464169e+01,   4.954705e-03,   6.961374e+00,   1.467790e+01
  1.370000e+04,   6.141223e+00,   3.306584e+02,   2.472343e+01,   4.958598e-03,   6.973073e+00,   1.469455e+01
  1.375000e+04,   6.144247e+00,   3.315870e+02,   2.480517e+01,   4.962476e-03,   6.984760e+00,   1.471116e+01
  1.380000e+04,   6.147270e+00,   3.325155e+02,   2.488692e+01,   4.966338e-03,   6.996435e+00,   1.472774e+01
  1.385000e+04,   6.150292e+00,   3.334440e+02,   2.496867e+01,   4.970185e-03,   7.008097e+00,   1.474428e+01
  1.390000e+04,   6.153313e+00,   3.343724e+02,   2.505042e+01,   4.974017e-03,   7.019748e+00,   1.476080e+01
  1.395000e+04,   6.156332e+00,   3.353006e+02,   2.513218e+01,   4.977834e-03,   7.031386e+00,   1.477728e+01
  1.400000e+04,   6.159351e+00,   3.362289e+02,   2.521394e+01,   4.981636e-03,   7.043012e+00,   1.479372e+01
  1.405000e+04,   6.162368e+00,   3.371570e+02,   2.529571e+01,   4.985424e-03,   7.054626e+00,   1.481014e+01
  1.410000e+04,   6.165384e+00,   3.380851e+02,   2.537748e+01,   4.989196e-03,   7.066228e+00,   1.482652e+01
  1.415000e+04,   6.168400e+00,   3.390130e+02,   2.545925e+01,   4.992954e-03,   7.077818e+00,   1.484287e+01
  1.420000e+04,   6.171404e+00,   3.399402e+02,   2.554102e+01,   4.996699e-03,   7.089383e+00,   1.485919e+01
  1.425000e+04,   6.174361e+00,   3.408642e+02,   2.562277e+01,   5.000436e-03,   7.100874e+00,   1.487546e+01
  1.430000e+04,   6.177318e+00,   3.417880e+02,   2.570452e+01,   5.004158e-03,   7.112353e+00,   1.489171e+01
  1.435000e+04,   6.180273e+00,   3.427118e+02,   2.578628e+01,   5.007866e-03,   7.123821e+00,   1.490792e+01
  1.440000e+04,   6.183228e+00,   3.436355e+02,   2.586804e+01,   5.011560e-03,   7.135277e+00,   1.492410e+01
  1.445000e+04,   6.186182e+00,   3.445592e+02,   2.594981e+01,   5.015240e-03,   7.146721e+00,   1.494025e+01
  1.450000e+04,   6.189134e+00,   3.454828e+02,   2.603158e+01,   5.018906e-03,   7.158155e+00,   1.495637e+01
  1.455000e+04,   6.192086e+00,   3.464063e+02,   2.611335e+01,   5.022559e-03,   7.169577e+00,   1.497246e+01
  1.460000e+04,   6.195036e+00,   3.473298e+02,   2.619514e+01,   5.026197e-03,   7.180987e+00,   1.498852e+01
  1.465000e+04,   6.197986e+00,   3.482532e+02,   2.627692e+01,   5.029823e-03,   7.192387e+00,   1.500455e+01
  1.470000e+04,   6.200934e+00,   3.491766e+02,   2.635871e+01,   5.033435e-03,   7.203775e+00,   1.502055e+01
  1.475000e+04,   6.203882e+00,   3.500999e+02,   2.644051e+01,   5.037033e-03,   7.215152e+00,   1.503652e+01
  1.480000e+04,   6.206775e+00,   3.510193e+02,   2.652228e+01,   5.040625e-03,   7.226445e+00,   1.505245e+01
  1.485000e+04,   6.209667e+00,   3.519387e+02,   2.660405e+01,   5.044204e-03,   7.237727e+00,   1.506835e+01
  1.490000e+04,   6.212559e+00,   3.528580e+02,   2.668583e+01,   5.047770e-03,   7.248998e+00,   1.508422e+01
  1.495000e+04,   6.215449e+00,   3.537773e+02,   2.676761e+01,   5.051322e-03,   7.260259e+00,   1.510006e+01
  1.500000e+04,   6.218339e+00,   3.546965e+02,   2.684941e+01,   5.054862e-03,   7.271509e+00,   1.511587e+01
  1.505000e+04,   6.221228e+00,   3.556157e+02,   2.693120e+01,   5.058389e-03,   7.282748e+00,   1.513166e+01
  1.510000e+04,   6.224115e+00,   3.565348e+02,   2.701300e+01,   5.061903e-03,   7.293976e+00,   1.514741e+01
  1.515000e+04,   6.227002e+00,   3.574539e+02,   2.709481e+01,   5.065405e-03,   7.305194e+00,   1.516314e+01
  1.520000e+04,   6.229888e+00,   3.583729e+02,   2.717663e+01,   5.068894e-03,   7.316401e+00,   1.517884e+01
  1.525000e+04,   6.232773e+00,   3.592919e+02,   2.725845e+01,   5.072371e-03,   7.327598e+00,   1.519451e+01
  1.530000e+04,   6.235657e+00,   3.602109e+02,   2.734028e+01,   5.075835e-03,   7.338784e+00,   1.521016e+01
  1.535000e+04,   6.238511e+00,   3.611277e+02,   2.742209e+01,   5.079291e-03,   7.349920e+00,   1.522576e+01
  1.540000e+04,   6.241342e+00,   3.620428e+02,   2.750390e+01,   5.082737e-03,   7.361015e+00,   1.524134e+01
  1.545000e+04,   6.244172e+00,   3.629580e+02,   2.758571e+01,   5.086171e-03,   7.372100e+00,   1.525689e+01
  1.550000e+04,   6.247001e+00,   3.638730e+02,   2.766753e+01,   5.089593e-03,   7.383175e+00,   1.527241e+01
  1.555000e+04,   6.249830e+00,   3.647881e+02,   2.774936e+01,   5.093004e-03,   7.394240e+00,   1.528791e+01
  1.560000e+04,   6.252657e+00,   3.657031e+02,   2.783119e+01,   5.096402e-03,   7.405295e+00,   1.530338e+01
  1.565000e+04,   6.255484e+00,   3.666181e+02,   2.791303e+01,   5.099788e-03,   7.416340e+00,   1.531882e+01
  1.570000e+04,   6.258310e+00,   3.675331e+02,   2.799488e+01,   5.103163e-03,   7.427374e+00,   1.533423e+01
  1.575000e+04,   6.261135e+00,   3.684480e+02,   2.807674e+01,   5.106526e-03,   7.438399e+00,   1.534962e+01
  1.580000e+04,   6.263960e+00,   3.693629e+02,   2.815860e+01,   5.109877e-03,   7.449414e+00,   1.536498e+01
  1.585000e+04,   6.266783e+00,   3.702778e+02,   2.824047e+01,   5.113217e-03,   7.460419e+00,   1.538032e+01
  1.590000e+04,   6.269606e+00,   3.711926e+02,   2.832235e+01,   5.116546e-03,   7.471415e+00,   1.539563e+01
  1.595000e+04,   6.272383e+00,   3.721042e+02,   2.840420e+01,   5.119869e-03,   7.482340e+00,   1.541090e+01
  1.600000e+04,   6.275155e+00,   3.730154e+02,   2.848606e+01,   5.123181e-03,   7.493248e+00,   1.542615e+01
  1.605000e+04,   6.277926e+00,   3.739265e+02,   2.856793e+01,   5.126482e-03,   7.504147e+00,   1.544137e+01
  1.610000e+04,   6.280696e+00,   3.748377e+02,   2.864980e+01,   5.129772e-03,   7.515036e+00,   1.545657e+01
  1.615000e+04,   6.283466e+00,   3.757488e+02,   2.873168e+01,   5.133050e-03,   7.525916e+00,   1.547174e+01
  1.620000e+04,   6.286234e+00,   3.766599e+02,   2.881358e+01,   5.136318e-03,   7.536787e+00,   1.548688e+01
  1.625000e+04,   6.289002e+00,   3.775710e+02,   2.889547e+01,   5.139575e-03,   7.547648e+00,   1.550201e+01
  1.630000e+04,   6.291769e+00,   3.784820e+02,   2.897738e+01,   5.142821e-03,   7.558500e+00,   1.551710e+01
  1.635000e+04,   6.294535e+00,   3.793931e+02,   2.905930e+01,   5.146056e-03,   7.569342e+00,   1.553217e+01
  1.640000e+04,   6.297301e+00,   3.803041e+02,   2.914122e+01,   5.149281e-03,   7.580175e+00,   1.554722e+01
  1.645000e+04,   6.300066e+00,   3.812152e+02,   2.922315e+01,   5.152495e-03,   7.590999e+00,   1.556224e+01
  1.650000e+04,   6.302830e+00,   3.821262e+02,   2.930510e+01,   5.155698e-03,   7.601814e+00,   1.557724e+01
  1.655000e+04,   6.305547e+00,   3.830338e+02,   2.938701e+01,   5.158897e-03,   7.612556e+00,   1.559220e+01
  1.660000e+04,   6.308262e+00,   3.839412e+02,   2.946894e+01,   5.162085e-03,   7.623287e+00,   1.560714e+01
  1.665000e+04,   6.310977e+00,   3.848487e+02,   2.955087e+01,   5.165263e-03,   7.634010e+00,   1.562206e+01
  1.670000e+04,   6.313690e+00,   3.857561e+02,   2.963281e+01,   5.168431e-03,   7.644723e+00,   1.563695e+01
  1.675000e+04,   6.316403e+00,   3.866636e+02,   2.971476e+01,   5.171588e-03,   7.655428e+00,   1.565182e+01
  1.680000e+04,   6.319116e+00,   3.875710e+02,   2.979673e+01,   5.174735e-03,   7.666124e+00,   1.566666e+01
  1.685000e+04,   6.321827e+00,   3.884785e+02,   2.987870e+01,   5.177872e-03,   7.676811e+00,   1.568148e+01
  1.690000e+04,   6.324538e+00,   3.893859e+02,   2.996068e+01,   5.181000e-03,   7.687489e+00,   1.569628e+01
  1.695000e+04,   6.327248e+00,   3.902934e+02,   3.004266e+01,   5.184117e-03,   7.698159e+00,   1.571105e+01
  1.700000e+04,   6.329958e+00,   3.912008e+02,   3.012466e+01,   5.187224e-03,   7.708820e+00,   1.572580e+01
  1.705000e+04,   6.332667e+00,   3.921083e+02,   3.020667e+01,   5.190321e-03,   7.719472e+00,   1.574053e+01
  1.710000e+04,   6.335375e+00,   3.930157e+02,   3.028869e+01,   5.193409e-03,   7.730115e+00,   1.575523e+01
  1.715000e+04,   6.338046e+00,   3.939204e+02,   3.037069e+01,   5.196491e-03,   7.740700e+00,   1.576991e+01
  1.720000e+04,   6.340707e+00,   3.948244e+02,   3.045269e+01,   5.199565e-03,   7.751264e+00,   1.578456e+01
  1.725000e+04,   6.343368e+00,   3.957285e+02,   3.053471e+01,   5.202629e-03,   7.761819e+00,   1.579919e+01
  1.730000e+04,   6.346027e+00,   3.966325e+02,   3.061673e+01,   5.205684e-03,   7.772366e+00,   1.581379e+01
  1.735000e+04,   6.348687e+00,   3.975365e+02,   3.069876e+01,   5.208729e-03,   7.782904e+00,   1.582837e+01
  1.740000e+04,   6.351345e+00,   3.984406e+02,   3.078081e+01,   5.211765e-03,   7.793435e+00,   1.584293e+01
  1.745000e+04,   6.354003e+00,   3.993446e+02,   3.086286e+01,   5.214791e-03,   7.803956e+00,   1.585747e+01
  1.750000e+04,   6.356660e+00,   4.002487e+02,   3.094492e+01,   5.217808e-03,   7.814470e+00,   1.587199e+01
  1.755000e+04,   6.359317e+00,   4.011528e+02,   3.102700e+01,   5.220816e-03,   7.824976e+00,   1.588648e+01
  1.760000e+04,   6.361973e+00,   4.020569e+02,   3.110908e+01,   5.223814e-03,   7.835473e+00,   1.590096e+01
  1.765000e+04,   6.364629e+00,   4.029610e+02,   3.119118e+01,   5.226803e-03,   7.845962e+00,   1.591541e+01
  1.770000e+04,   6.367283e+00,   4.038651e+02,   3.127329e+01,   5.229783e-03,   7.856443e+00,   1.592984e+01
  1.775000e+04,   6.369921e+00,   4.047680e+02,   3.135539e+01,   5.232757e-03,   7.866893e+00,   1.594424e+01
  1.780000e+04,   6.372530e+00,   4.056688e+02,   3.143748e+01,   5.235724e-03,   7.877298e+00,   1.595862e+01
  1.785000e+04,   6.375139e+00,   4.065696e+02,   3.151959e+01,   5.238683e-03,   7.887694e+00,   1.597297e+01
  1.790000e+04,   6.377748e+00,   4.074705e+02,   3.160170e+01,   5.241633e-03,   7.898083e+00,   1.598731e+01
  1.795000e+04,   6.380355e+00,   4.083713e+02,   3.168383e+01,   5.244574e-03,   7.908464e+00,   1.600162e+01
  1.800000e+04,   6.382962e+00,   4.092722e+02,   3.176597e+01,   5.247506e-03,   7.918836e+00,   1.601592e+01
  1.805000e+04,   6.385569e+00,   4.101731e+02,   3.184812e+01,   5.250429e-03,   7.929202e+00,   1.603019e+01
  1.810000e+04,   6.388175e+00,   4.110741e+02,   3.193028e+01,   5.253344e-03,   7.939559e+00,   1.604444e+01
  1.815000e+04,   6.390781e+00,   4.119750e+02,   3.201245e+01,   5.256250e-03,   7.949909e+00,   1.605867e+01
  1.820000e+04,   6.393385e+00,   4.128760e+02,   3.209463e+01,   5.259147e-03,   7.960251e+00,   1.607289e+01
  1.825000e+04,   6.395990e+00,   4.137770e+02,   3.217683e+01,   5.262036e-03,   7.970585e+00,   1.608708e+01
  1.830000e+04,   6.398594e+00,   4.146781e+02,   3.225903e+01,   5.264917e-03,   7.980912e+00,   1.610125e+01
  1.835000e+04,   6.401197e+00,   4.155792e+02,   3.234125e+01,   5.267789e-03,   7.991231e+00,   1.611540e+01
  1.840000e+04,   6.403769e+00,   4.164779e+02,   3.242345e+01,   5.270656e-03,   8.001501e+00,   1.612952e+01
  1.845000e+04,   6.406329e+00,   4.173758e+02,   3.250566e+01,   5.273516e-03,   8.011746e+00,   1.614362e+01
  1.850000e+04,   6.408888e+00,   4.182736e+02,   3.258788e+01,   5.276369e-03,   8.021984e+00,   1.615770e+01
  1.855000e+04,   6.411446e+00,   4.191716e+02,   3.267011e+01,   5.279213e-03,   8.032215e+00,   1.617176e+01
  1.860000e+04,   6.414004e+00,   4.200695e+02,   3.275236e+01,   5.282048e-03,   8.042438e+00,   1.618581e+01
  1.865000e+04,   6.416562e+00,   4.209675e+02,   3.283461e+01,   5.284876e-03,   8.052654e+00,   1.619983e+01
  1.870000e+04,   6.419119e+00,   4.218655e+02,   3.291688e+01,   5.287695e-03,   8.062863e+00,   1.621383e+01
  1.875000e+04,   6.421675e+00,   4.227636e+02,   3.299916e+01,   5.290507e-03,   8.073065e+00,   1.622782e+01
  1.880000e+04,   6.424231e+00,   4.236617e+02,   3.308145e+01,   5.293310e-03,   8.083259e+00,   1.624178e+01
  1.885000e+04,   6.426786e+00,   4.245598e+02,   3.316375e+01,   5.296106e-03,   8.093446e+00,   1.625572e+01
  1.890000e+04,   6.429341e+00,   4.254580e+02,   3.324607e+01,   5.298893e-03,   8.103626e+00,   1.626965e+01
  1.895000e+04,   6.431896e+00,   4.263562e+02,   3.332840e+01,   5.301673e-03,   8.113798e+00,   1.628356e+01
  1.900000e+04,   6.434450e+00,   4.272544e+02,   3.341074e+01,   5.304445e-03,   8.123964e+00,   1.629745e+01
  1.905000e+04,   6.436970e+00,   4.281501e+02,   3.349306e+01,   5.307213e-03,   8.134076e+00,   1.631131e+01
  1.910000e+04,   6.439482e+00,   4.290453e+02,   3.357540e+01,   5.309974e-03,   8.144171e+00,   1.632515e+01
  1.915000e+04,   6.441993e+00,   4.299404e+02,   3.365774e+01,   5.312728e-03,   8.154259e+00,   1.633897e+01
  1.920000e+04,   6.444504e+00,   4.308356e+02,   3.374010e+01,   5.315474e-03,   8.164340e+00,   1.635278e+01
  1.925000e+04,   6.447014e+00,   4.317309e+02,   3.382247e+01,   5.318212e-03,   8.174414e+00,   1.636656e+01
  1.930000e+04,   6.449524e+00,   4.326262e+02,   3.390485e+01,   5.320943e-03,   8.184481e+00,   1.638033e+01
  1.935000e+04,   6.452034e+00,   4.335216e+02,   3.398725e+01,   5.323666e-03,   8.194541e+00,   1.639408e+01
  1.940000e+04,   6.454543e+00,   4.344170e+02,   3.406966e+01,   5.326381e-03,   8.204595e+00,   1.640781e+01
  1.945000e+04,   6.457051e+00,   4.353124e+02,   3.415208e+01,   5.329090e-03,   8.214641e+00,   1.642152e+01
  1.950000e+04,   6.459559e+00,   4.362079e+02,   3.423452e+01,   5.331790e-03,   8.224681e+00,   1.643522e+01
  1.955000e+04,   6.462067e+00,   4.371035e+02,   3.431697e+01,   5.334484e-03,   8.234714e+00,   1.644889e+01
  1.960000e+04,   6.464574e+00,   4.379991e+02,   3.439943e+01,   5.337170e-03,   8.244740e+00,   1.646255e+01
  1.965000e+04,   6.467081e+00,   4.388947e+02,   3.448190e+01,   5.339849e-03,   8.254759e+00,   1.647619e+01
  1.970000e+04,   6.469561e+00,   4.397884e+02,   3.456437e+01,   5.342523e-03,   8.264737e+00,   1.648981e+01
  1.975000e+04,   6.472027e+00,   4.406810e+02,   3.464684e+01,   5.345193e-03,   8.274688e+00,   1.650341e+01
  1.980000e+04,   6.474493e+00,   4.415737e+02,   3.472932e+01,   5.347855e-03,   8.284633e+00,   1.651699e+01
  1.985000e+04,   6.476958e+00,   4.424664e+02,   3.481181e+01,   5.350509e-03,   8.294572e+00,   1.653055e+01
  1.990000e+04,   6.479423e+00,   4.433592e+02,   3.489432e+01,   5.353157e-03,   8.304504e+00,   1.654409e+01
  1.995000e+04,   6.481888e+00,   4.442520e+02,   3.497685e+01,   5.355798e-03,   8.314429e+00,   1.655762e+01
  2.000000e+04,   6.484352e+00,   4.451449e+02,   3.505938e+01,   5.358432e-03,   8.324348e+00,   1.657113e+01
  2.084602e+04,   6.525591e+00,   4.602311e+02,   3.645770e+01,   5.402011e-03,   8.490686e+00,   1.679709e+01
  2.172783e+04,   6.567655e+00,   4.759114e+02,   3.791888e+01,   5.445581e-03,   8.661123e+00,   1.702758e+01
  2.264693e+04,   6.610446e+00,   4.922038e+02,   3.944602e+01,   5.489167e-03,   8.835623e+00,   1.726270e+01
  2.360492e+04,   6.654125e+00,   5.091488e+02,   4.104267e+01,   5.532766e-03,   9.014514e+00,   1.750263e+01
  2.460343e+04,   6.698722e+00,   5.267775e+02,   4.271238e+01,   5.576388e-03,   9.197940e+00,   1.774752e+01
  2.564418e+04,   6.744097e+00,   5.451082e+02,   4.445872e+01,   5.620065e-03,   9.385817e+00,   1.799747e+01
  2.672895e+04,   6.790438e+00,   5.641878e+02,   4.628574e+01,   5.663789e-03,   9.578512e+00,   1.825268e+01
  2.785961e+04,   6.837692e+00,   5.840444e+02,   4.819742e+01,   5.707583e-03,   9.776060e+00,   1.851326e+01
  2.903810e+04,   6.885864e+00,   6.047123e+02,   5.019796e+01,   5.751461e-03,   9.978581e+00,   1.877937e+01
  3.026644e+04,   6.935022e+00,   6.262323e+02,   5.229177e+01,   5.795431e-03,   1.018628e+01,   1.905114e+01
  3.154674e+04,   6.985102e+00,   6.486353e+02,   5.448328e+01,   5.839517e-03,   1.039917e+01,   1.932871e+01
  3.288120e+04,   7.036187e+00,   6.719660e+02,   5.677724e+01,   5.883723e-03,   1.061748e+01,   1.961222e+01
  3.427210e+04,   7.088241e+00,   6.962598e+02,   5.917837e+01,   5.928069e-03,   1.084127e+01,   1.990178e+01
  3.572184e+04,   7.141263e+00,   7.215566e+02,   6.169162e+01,   5.972570e-03,   1.107065e+01,   2.019753e+01
  3.723291e+04,   7.195325e+00,   7.479041e+02,   6.432212e+01,   6.017233e-03,   1.130581e+01,   2.049958e+01
  3.880790e+04,   7.250297e+00,   7.753319e+02,   6.707488e+01,   6.062088e-03,   1.154669e+01,   2.080804e+01
  4.044951e+04,   7.306274e+00,   8.038921e+02,   6.995531e+01,   6.107136e-03,   1.179350e+01,   2.112302e+01
  4.216056e+04,   7.363248e+00,   8.336281e+02,   7.296878e+01,   6.152393e-03,   1.204634e+01,   2.144461e+01
  4.394399e+04,   7.421152e+00,   8.645787e+02,   7.612074e+01,   6.197879e-03,   1.230521e+01,   2.177290e+01
  4.580287e+04,   7.479977e+00,   8.967890e+02,   7.941680e+01,   6.243608e-03,   1.257019e+01,   2.210799e+01
  4.774037e+04,   7.539737e+00,   9.303075e+02,   8.286265e+01,   6.289590e-03,   1.284139e+01,   2.244995e+01
  4.975983e+04,   7.600405e+00,   9.651799e+02,   8.646411e+01,   6.335838e-03,   1.311886e+01,   2.279886e+01
  5.186472e+04,   7.661950e+00,   1.001452e+03,   9.022706e+01,   6.382368e-03,   1.340264e+01,   2.315480e+01
  5.405865e+04,   7.724341e+00,   1.039172e+03,   9.415749e+01,   6.429192e-03,   1.369277e+01,   2.351782e+01
  5.634538e+04,   7.787535e+00,   1.078387e+03,   9.826150e+01,   6.476325e-03,   1.398929e+01,   2.388801e+01
  5.872885e+04,   7.851497e+00,   1.119145e+03,   1.025453e+02,   6.523778e-03,   1.429222e+01,   2.426542e+01
  6.121313e+04,   7.916206e+00,   1.161500e+03,   1.070153e+02,   6.571561e-03,   1.460162e+01,   2.465011e+01
  6.380250e+04,   7.981625e+00,   1.205502e+03,   1.116780e+02,   6.619686e-03,   1.491753e+01,   2.504217e+01
  6.650141e+04,   8.047714e+00,   1.251205e+03,   1.165400e+02,   6.668163e-03,   1.523997e+01,   2.544165e+01
  6.931448e+04,   8.114433e+00,   1.298663e+03,   1.216081e+02,   6.717001e-03,   1.556898e+01,   2.584862e+01
  7.224655e+04,   8.181740e+00,   1.347933e+03,   1.268893e+02,   6.766209e-03,   1.590458e+01,   2.626316e+01
  7.530265e+04,   8.249594e+00,   1.399072e+03,   1.323909e+02,   6.815796e-03,   1.624681e+01,   2.668534e+01
  7.848802e+04,   8.317940e+00,   1.452139e+03,   1.381201e+02,   6.865770e-03,   1.659570e+01,   2.711524e+01
  8.180814e+04,   8.386737e+00,   1.507195e+03,   1.440846e+02,   6.916138e-03,   1.695128e+01,   2.755295e+01
  8.526870e+04,   8.455948e+00,   1.564307e+03,   1.502922e+02,   6.966904e-03,   1.731361e+01,   2.799855e+01
  8.887565e+04,   8.525532e+00,   1.623541e+03,   1.567512e+02,   7.018074e-03,   1.768272e+01,   2.845215e+01
  9.263518e+04,   8.595444e+00,   1.684964e+03,   1.634698e+02,   7.069652e-03,   1.805868e+01,   2.891384e+01
  9.655373e+04,   8.665641e+00,   1.748649e+03,   1.704567e+02,   7.121640e-03,   1.844152e+01,   2.938374e+01
  1.006380e+05,   8.736078e+00,   1.814671e+03,   1.777210e+02,   7.174041e-03,   1.883131e+01,   2.986195e+01
  1.048951e+05,   8.806716e+00,   1.883106e+03,   1.852720e+02,   7.226857e-03,   1.922813e+01,   3.034862e+01
  1.093323e+05,   8.877509e+00,   1.954037e+03,   1.931195e+02,   7.280087e-03,   1.963202e+01,   3.084386e+01
  1.139572e+05,   8.948386e+00,   2.027542e+03,   2.012735e+02,   7.333736e-03,   2.004305e+01,   3.134781e+01
  1.187777e+05,   9.019334e+00,   2.103713e+03,   2.097442e+02,   7.387797e-03,   2.046130e+01,   3.186061e+01
  1.238021e+05,   9.090312e+00,   2.182639e+03,   2.185427e+02,   7.442267e-03,   2.088688e+01,   3.238242e+01
  1.290390e+05,   9.161278e+00,   2.264415e+03,   2.276802e+02,   7.497144e-03,   2.131987e+01,   3.291339e+01
  1.344975e+05,   9.235848e+00,   2.353231e+03,   2.376309e+02,   7.555395e-03,   2.178161e+01,   3.347924e+01
  1.401868e+05,   9.314753e+00,   2.450570e+03,   2.485671e+02,   7.617819e-03,   2.227804e+01,   3.408719e+01
  1.461169e+05,   9.396183e+00,   2.554921e+03,   2.603228e+02,   7.682947e-03,   2.279961e+01,   3.472571e+01
  1.522978e+05,   9.478298e+00,   2.664657e+03,   2.727144e+02,   7.749515e-03,   2.333679e+01,   3.538353e+01
  1.587401e+05,   9.561066e+00,   2.780139e+03,   2.857853e+02,   7.817609e-03,   2.389032e+01,   3.606165e+01
  1.654550e+05,   9.644481e+00,   2.901764e+03,   2.995822e+02,   7.887311e-03,   2.446101e+01,   3.676112e+01
  1.724539e+05,   9.728509e+00,   3.029956e+03,   3.141555e+02,   7.958713e-03,   2.504970e+01,   3.748303e+01
  1.797488e+05,   9.813121e+00,   3.165174e+03,   3.295597e+02,   8.031912e-03,   2.565728e+01,   3.822857e+01
  1.873524e+05,   9.898303e+00,   3.307923e+03,   3.458544e+02,   8.107007e-03,   2.628471e+01,   3.899898e+01
  1.952776e+05,   9.988293e+00,   3.461781e+03,   3.634975e+02,   8.183610e-03,   2.694757e+01,   3.980898e+01
  2.035380e+05,   1.008162e+01,   3.627808e+03,   3.826523e+02,   8.262233e-03,   2.764707e+01,   4.066269e+01
  2.121478e+05,   1.017969e+01,   3.806080e+03,   4.032910e+02,   8.342477e-03,   2.838236e+01,   4.155567e+01
  2.211219e+05,   1.028003e+01,   3.995335e+03,   4.252393e+02,   8.424662e-03,   2.914525e+01,   4.248019e+01
  2.304756e+05,   1.038369e+01,   4.199292e+03,   4.489282e+02,   8.510668e-03,   2.994806e+01,   4.345186e+01
  2.402249e+05,   1.049047e+01,   4.419452e+03,   4.745393e+02,   8.600841e-03,   3.079352e+01,   4.447440e+01
  2.503866e+05,   1.059321e+01,   4.652188e+03,   5.017110e+02,   8.694491e-03,   3.166193e+01,   4.553244e+01
  2.609782e+05,   1.068735e+01,   4.882534e+03,   5.285926e+02,   8.784763e-03,   3.249883e+01,   4.655631e+01
  2.720178e+05,   1.077874e+01,   5.120280e+03,   5.563425e+02,   8.875398e-03,   3.334163e+01,   4.758914e+01
  2.835245e+05,   1.086832e+01,   5.367669e+03,   5.852274e+02,   8.967118e-03,   3.419766e+01,   4.863965e+01
  2.955178e+05,   1.095844e+01,   5.630314e+03,   6.159225e+02,   9.061683e-03,   3.508509e+01,   4.972915e+01
  3.080185e+05,   1.104718e+01,   5.909604e+03,   6.486225e+02,   9.159877e-03,   3.600497e+01,   5.086242e+01
  3.210480e+05,   1.113485e+01,   6.206876e+03,   6.834804e+02,   9.261820e-03,   3.695933e+01,   5.204152e+01
  3.346286e+05,   1.122279e+01,   6.523307e+03,   7.206114e+02,   9.367187e-03,   3.795025e+01,   5.326650e+01
  3.487837e+05,   1.131189e+01,   6.861455e+03,   7.603410e+02,   9.476025e-03,   3.898326e+01,   5.454301e+01
  3.635376e+05,   1.142401e+01,   7.244577e+03,   8.058726e+02,   9.585263e-03,   4.013521e+01,   5.593563e+01
  3.789156e+05,   1.154570e+01,   7.664146e+03,   8.560376e+02,   9.697200e-03,   4.136662e+01,   5.741360e+01
  3.949441e+05,   1.166456e+01,   8.111324e+03,   9.095815e+02,   9.814127e-03,   4.264033e+01,   5.894842e+01
  4.116506e+05,   1.178216e+01,   8.587409e+03,   9.666195e+02,   9.935406e-03,   4.395752e+01,   6.053827e+01
  4.290638e+05,   1.189819e+01,   9.094712e+03,   1.027430e+03,   1.006131e-02,   4.532042e+01,   6.218650e+01
  4.472136e+05,   1.201209e+01,   9.635942e+03,   1.092343e+03,   1.019230e-02,   4.673168e+01,   6.389749e+01
  4.661312e+05,   1.212624e+01,   1.022856e+04,   1.163549e+03,   1.033269e-02,   4.823042e+01,   6.571951e+01
  4.858489e+05,   1.224006e+01,   1.086925e+04,   1.240581e+03,   1.048035e-02,   4.980175e+01,   6.763256e+01
  5.064008e+05,   1.235140e+01,   1.155611e+04,   1.323189e+03,   1.063439e-02,   5.143401e+01,   6.962454e+01
  5.278221e+05,   1.246443e+01,   1.229836e+04,   1.412628e+03,   1.079421e-02,   5.314513e+01,   7.171081e+01
  5.501494e+05,   1.257499e+01,   1.309819e+04,   1.509103e+03,   1.096169e-02,   5.493022e+01,   7.389258e+01
  5.734213e+05,   1.268373e+01,   1.395705e+04,   1.612805e+03,   1.113561e-02,   5.678641e+01,   7.616411e+01
  5.976775e+05,   1.280133e+01,   1.486091e+04,   1.722605e+03,   1.130334e-02,   5.868808e+01,   7.846872e+01
  6.229599e+05,   1.292778e+01,   1.584271e+04,   1.842406e+03,   1.147439e-02,   6.069551e+01,   8.088610e+01
  6.493117e+05,   1.305025e+01,   1.689707e+04,   1.971119e+03,   1.165357e-02,   6.278045e+01,   8.340421e+01
  6.767782e+05,   1.316490e+01,   1.801532e+04,   2.107572e+03,   1.183964e-02,   6.491723e+01,   8.599692e+01
  7.054065e+05,   1.327132e+01,   1.919475e+04,   2.251367e+03,   1.203120e-02,   6.709574e+01,   8.865200e+01
  7.352459e+05,   1.337264e+01,   2.045995e+04,   2.405562e+03,   1.223174e-02,   6.935599e+01,   9.141590e+01
  7.663475e+05,   1.347319e+01,   2.182642e+04,   2.572266e+03,   1.244084e-02,   7.171959e+01,   9.430741e+01
  7.987647e+05,   1.359518e+01,   2.334660e+04,   2.759175e+03,   1.265489e-02,   7.427987e+01,   9.739879e+01
  8.325532e+05,   1.371029e+01,   2.497940e+04,   2.959830e+03,   1.287975e-02,   7.693377e+01,   1.006158e+02
  8.677710e+05,   1.381111e+01,   2.668027e+04,   3.168450e+03,   1.310903e-02,   7.959915e+01,   1.038682e+02
  9.044785e+05,   1.389994e+01,   2.845479e+04,   3.385721e+03,   1.334265e-02,   8.228369e+01,   1.071624e+02
  9.427388e+05,   1.398643e+01,   3.039507e+04,   3.623314e+03,   1.359178e-02,   8.512229e+01,   1.106524e+02
  9.826176e+05,   1.406678e+01,   3.248465e+04,   3.879012e+03,   1.385412e-02,   8.807497e+01,   1.142949e+02
  1.024183e+06,   1.417642e+01,   3.482059e+04,   4.167484e+03,   1.412080e-02,   9.129161e+01,   1.181970e+02
  1.067507e+06,   1.429083e+01,   3.736641e+04,   4.482692e+03,   1.439783e-02,   9.468152e+01,   1.222974e+02
  1.112664e+06,   1.440177e+01,   4.011551e+04,   4.823274e+03,   1.468701e-02,   9.821279e+01,   1.265742e+02
  1.159730e+06,   1.451399e+01,   4.318505e+04,   5.203910e+03,   1.500148e-02,   1.020147e+02,   1.311812e+02
  1.208788e+06,   1.462683e+01,   4.663427e+04,   5.631871e+03,   1.534718e-02,   1.061273e+02,   1.361692e+02
  1.259921e+06,   1.474778e+01,   5.042006e+04,   6.103149e+03,   1.570604e-02,   1.104790e+02,   1.414245e+02
  1.313217e+06,   1.487585e+01,   5.457351e+04,   6.621816e+03,   1.607882e-02,   1.150779e+02,   1.469572e+02
  1.368767e+06,   1.493807e+01,   5.822406e+04,   7.072961e+03,   1.640222e-02,   1.189331e+02,   1.517053e+02
  1.426667e+06,   1.494644e+01,   6.130738e+04,   7.448643e+03,   1.667111e-02,   1.220510e+02,   1.556583e+02
  1.487017e+06,   1.496028e+01,   6.464027e+04,   7.855547e+03,   1.695008e-02,   1.253406e+02,   1.598130e+02
  1.549919e+06,   1.500475e+01,   6.857582e+04,   8.340595e+03,   1.725969e-02,   1.291525e+02,   1.645391e+02
  1.615482e+06,   1.505260e+01,   7.286847e+04,   8.870373e+03,   1.758667e-02,   1.331914e+02,   1.695370e+02
  1.683818e+06,   1.510588e+01,   7.758989e+04,   9.454164e+03,   1.793408e-02,   1.375048e+02,   1.748591e+02
  1.755046e+06,   1.516782e+01,   8.270090e+04,   1.008807e+04,   1.829101e-02,   1.420402e+02,   1.804264e+02
  1.829286e+06,   1.522735e+01,   8.817492e+04,   1.076713e+04,   1.866095e-02,   1.467432e+02,   1.862037e+02
  1.906666e+06,   1.528486e+01,   9.402913e+04,   1.149358e+04,   1.904312e-02,   1.516129e+02,   1.921885e+02
  1.987320e+06,   1.534446e+01,   1.002377e+05,   1.226520e+04,   1.942897e-02,   1.566196e+02,   1.983290e+02
  2.071386e+06,   1.538030e+01,   1.064526e+05,   1.303375e+04,   1.980705e-02,   1.614520e+02,   2.043215e+02
  2.159007e+06,   1.541385e+01,   1.130077e+05,   1.384430e+04,   2.019110e-02,   1.663967e+02,   2.104575e+02
  2.250335e+06,   1.546604e+01,   1.202681e+05,   1.474692e+04,   2.059216e-02,   1.717354e+02,   2.170159e+02
  2.345526e+06,   1.553469e+01,   1.285260e+05,   1.577780e+04,   2.103243e-02,   1.776368e+02,   2.242121e+02
  2.444744e+06,   1.562413e+01,   1.379447e+05,   1.695935e+04,   2.151312e-02,   1.841687e+02,   2.321082e+02
  2.548159e+06,   1.565856e+01,   1.466034e+05,   1.803426e+04,   2.194665e-02,   1.899151e+02,   2.392135e+02
  2.655949e+06,   1.563463e+01,   1.540388e+05,   1.894138e+04,   2.231241e-02,   1.946329e+02,   2.452533e+02
  2.768298e+06,   1.559364e+01,   1.614323e+05,   1.983693e+04,   2.266920e-02,   1.991810e+02,   2.511560e+02
  2.885400e+06,   1.560904e+01,   1.698799e+05,   2.088032e+04,   2.302111e-02,   2.043523e+02,   2.576105e+02
  3.007455e+06,   1.564701e+01,   1.795658e+05,   2.208474e+04,   2.341040e-02,   2.101637e+02,   2.647690e+02
  3.134673e+06,   1.567653e+01,   1.895318e+05,   2.332192e+04,   2.379597e-02,   2.159698e+02,   2.719506e+02
  3.267273e+06,   1.563659e+01,   1.977210e+05,   2.431346e+04,   2.410748e-02,   2.205132e+02,   2.778556e+02
  3.405482e+06,   1.559817e+01,   2.063560e+05,   2.535902e+04,   2.442507e-02,   2.252048e+02,   2.839491e+02
  3.549537e+06,   1.556118e+01,   2.154644e+05,   2.646191e+04,   2.474918e-02,   2.300499e+02,   2.902381e+02
  3.699685e+06,   1.552551e+01,   2.250757e+05,   2.762567e+04,   2.508026e-02,   2.350543e+02,   2.967300e+02
  3.856186e+06,   1.552780e+01,   2.365442e+05,   2.903436e+04,   2.545650e-02,   2.409730e+02,   3.041900e+02
  4.019306e+06,   1.564393e+01,   2.532358e+05,   3.114354e+04,   2.597494e-02,   2.495728e+02,   3.144336e+02
  4.189326e+06,   1.577704e+01,   2.715202e+05,   3.346534e+04,   2.650849e-02,   2.587089e+02,   3.252309e+02
  4.366539e+06,   1.586259e+01,   2.892379e+05,   3.569875e+04,   2.701294e-02,   2.672015e+02,   3.354420e+02
  4.551248e+06,   1.578134e+01,   3.007249e+05,   3.706769e+04,   2.735210e-02,   2.722765e+02,   3.422632e+02
  4.743770e+06,   1.570094e+01,   3.126967e+05,   3.849259e+04,   2.769335e-02,   2.774605e+02,   3.492393e+02
  4.944436e+06,   1.562857e+01,   3.253203e+05,   3.999855e+04,   2.803446e-02,   2.828361e+02,   3.564326e+02
  5.153590e+06,   1.557842e+01,   3.389449e+05,   4.163878e+04,   2.837117e-02,   2.885771e+02,   3.639723e+02
  5.371592e+06,   1.552832e+01,   3.531484e+05,   4.334706e+04,   2.870979e-02,   2.944373e+02,   3.716769e+02
  5.598815e+06,   1.547841e+01,   3.679592e+05,   4.512679e+04,   2.905052e-02,   3.004209e+02,   3.795513e+02
  5.835650e+06,   1.542882e+01,   3.834089e+05,   4.698173e+04,   2.939351e-02,   3.065332e+02,   3.876017e+02
  6.082504e+06,   1.538148e+01,   3.995781e+05,   4.892318e+04,   2.973805e-02,   3.128027e+02,   3.958514e+02
  6.339800e+06,   1.534806e+01,   4.168239e+05,   5.100518e+04,   3.008081e-02,   3.193893e+02,   4.044206e+02
  6.607979e+06,   1.531490e+01,   4.348453e+05,   5.317969e+04,   3.042619e-02,   3.261266e+02,   4.131897e+02
  6.887503e+06,   1.533688e+01,   4.568302e+05,   5.588949e+04,   3.082299e-02,   3.343331e+02,   4.234250e+02
  7.178851e+06,   1.548281e+01,   4.876499e+05,   5.981004e+04,   3.134283e-02,   3.458603e+02,   4.369266e+02
  7.482523e+06,   1.557224e+01,   5.168339e+05,   6.348532e+04,   3.182047e-02,   3.563282e+02,   4.494711e+02
  7.799041e+06,   1.551063e+01,   5.377361e+05,   6.598424e+04,   3.216960e-02,   3.632735e+02,   4.587082e+02
  8.128948e+06,   1.544910e+01,   5.594455e+05,   6.857631e+04,   3.251908e-02,   3.703401e+02,   4.681209e+02
  8.472810e+06,   1.538766e+01,   5.819881e+05,   7.126433e+04,   3.286834e-02,   3.775286e+02,   4.777110e+02
  8.831218e+06,   1.541804e+01,   6.121265e+05,   7.499384e+04,   3.329928e-02,   3.872816e+02,   4.897961e+02
  9.204787e+06,   1.547118e+01,   6.454518e+05,   7.914863e+04,   3.375060e-02,   3.978648e+02,   5.027236e+02
  9.594158e+06,   1.539517e+01,   6.703771e+05,   8.209812e+04,   3.409610e-02,   4.052103e+02,   5.126721e+02
