Hugoniot 
Temperature Density   Pressure   IntEnergy  SpEntropy   Part. Vel.  Shock Vel. 
K ,          g/cm3   ,   GPa   ,     MJ/kg  , MJ/K/kg ,   km/s ,    km/s
  5.000000e+02,   3.227000e+00,   1.000000e-04,   6.090885e-01,   1.264638e-03,   0.000000e+00,   5.727256e-04
  5.500000e+02,   3.483445e+00,   8.471603e+00,   7.062033e-01,   1.326718e-03,   4.396163e-01,   5.971560e+00
  6.000000e+02,   3.648157e+00,   1.624998e+01,   9.001739e-01,   1.386837e-03,   7.624493e-01,   6.604503e+00
  6.500000e+02,   3.789914e+00,   2.297805e+01,   1.138071e+00,   1.446913e-03,   1.028401e+00,   6.923883e+00
  7.000000e+02,   3.908127e+00,   2.870361e+01,   1.384564e+00,   1.506832e-03,   1.245082e+00,   7.143947e+00
  7.500000e+02,   4.007417e+00,   3.364202e+01,   1.624546e+00,   1.565588e-03,   1.424859e+00,   7.316610e+00
  8.000000e+02,   4.092349e+00,   3.798722e+01,   1.853726e+00,   1.622470e-03,   1.577713e+00,   7.461214e+00
  8.500000e+02,   4.165886e+00,   4.186211e+01,   2.071173e+00,   1.677235e-03,   1.709871e+00,   7.586786e+00
  9.000000e+02,   4.230975e+00,   4.538639e+01,   2.278021e+00,   1.729635e-03,   1.826855e+00,   7.698775e+00
  9.500000e+02,   4.289391e+00,   4.863191e+01,   2.475393e+00,   1.779671e-03,   1.931991e+00,   7.800391e+00
  1.000000e+03,   4.341967e+00,   5.163253e+01,   2.663718e+00,   1.827505e-03,   2.026980e+00,   7.893581e+00
  1.050000e+03,   4.390345e+00,   5.445426e+01,   2.844859e+00,   1.873094e-03,   2.114565e+00,   7.980150e+00
  1.100000e+03,   4.434637e+00,   5.710176e+01,   3.018729e+00,   1.916682e-03,   2.195149e+00,   8.060939e+00
  1.150000e+03,   4.475856e+00,   5.961585e+01,   3.186691e+00,   1.958296e-03,   2.270383e+00,   8.136973e+00
  1.200000e+03,   4.933785e+00,   7.397446e+01,   4.574695e+00,   1.937043e-03,   2.816051e+00,   8.140326e+00
  1.250000e+03,   4.943801e+00,   7.523412e+01,   4.657435e+00,   1.979744e-03,   2.845359e+00,   8.193665e+00
  1.300000e+03,   4.953519e+00,   7.647586e+01,   4.739351e+00,   2.020440e-03,   2.874029e+00,   8.245816e+00
  1.350000e+03,   4.962875e+00,   7.769750e+01,   4.820398e+00,   2.059293e-03,   2.901993e+00,   8.296812e+00
  1.400000e+03,   4.972139e+00,   7.890804e+01,   4.900761e+00,   2.096400e-03,   2.929573e+00,   8.346751e+00
  1.450000e+03,   4.981314e+00,   8.010751e+01,   4.980440e+00,   2.131883e-03,   2.956777e+00,   8.395667e+00
  1.500000e+03,   4.990038e+00,   8.128375e+01,   5.059199e+00,   2.165908e-03,   2.983191e+00,   8.443513e+00
  1.550000e+03,   4.998622e+00,   8.244729e+01,   5.137243e+00,   2.198528e-03,   3.009185e+00,   8.490398e+00
  1.600000e+03,   5.007122e+00,   8.360008e+01,   5.214612e+00,   2.229825e-03,   3.034830e+00,   8.536361e+00
  1.650000e+03,   5.015538e+00,   8.474215e+01,   5.291308e+00,   2.259882e-03,   3.060133e+00,   8.581430e+00
  1.700000e+03,   5.023504e+00,   8.586074e+01,   5.367094e+00,   2.288828e-03,   3.084667e+00,   8.625551e+00
  1.750000e+03,   5.031391e+00,   8.696890e+01,   5.442214e+00,   2.316678e-03,   3.108877e+00,   8.668839e+00
  1.800000e+03,   5.039200e+00,   8.806669e+01,   5.516672e+00,   2.343493e-03,   3.132769e+00,   8.711317e+00
  1.850000e+03,   5.046932e+00,   8.915418e+01,   5.590471e+00,   2.369333e-03,   3.156349e+00,   8.753007e+00
  1.900000e+03,   5.054330e+00,   9.022216e+01,   5.663449e+00,   2.394287e-03,   3.179315e+00,   8.793874e+00
  1.950000e+03,   5.061586e+00,   9.127765e+01,   5.735734e+00,   2.418377e-03,   3.201903e+00,   8.833988e+00
  2.000000e+03,   5.068770e+00,   9.232319e+01,   5.807372e+00,   2.441639e-03,   3.224201e+00,   8.873384e+00
  2.050000e+03,   5.075883e+00,   9.335885e+01,   5.878369e+00,   2.464116e-03,   3.246212e+00,   8.912081e+00
  2.100000e+03,   5.082868e+00,   9.438262e+01,   5.948692e+00,   2.485855e-03,   3.267875e+00,   8.950085e+00
  2.150000e+03,   5.089554e+00,   9.538812e+01,   6.018235e+00,   2.506914e-03,   3.288986e+00,   8.987376e+00
  2.200000e+03,   5.096172e+00,   9.638410e+01,   6.087152e+00,   2.527298e-03,   3.309829e+00,   9.024027e+00
  2.250000e+03,   5.102725e+00,   9.737064e+01,   6.155446e+00,   2.547037e-03,   3.330411e+00,   9.060055e+00
  2.300000e+03,   5.109212e+00,   9.834784e+01,   6.223122e+00,   2.566163e-03,   3.350735e+00,   9.095475e+00
  2.350000e+03,   5.115592e+00,   9.931415e+01,   6.290160e+00,   2.584708e-03,   3.370753e+00,   9.130293e+00
  2.400000e+03,   5.121698e+00,   1.002632e+02,   6.356456e+00,   2.602719e-03,   3.390269e+00,   9.164485e+00
  2.450000e+03,   5.127744e+00,   1.012033e+02,   6.422152e+00,   2.620194e-03,   3.409543e+00,   9.198118e+00
  2.500000e+03,   5.133729e+00,   1.021345e+02,   6.487252e+00,   2.637157e-03,   3.428581e+00,   9.231206e+00
  2.550000e+03,   5.139655e+00,   1.030568e+02,   6.551762e+00,   2.653628e-03,   3.447387e+00,   9.263762e+00
  2.600000e+03,   5.145522e+00,   1.039705e+02,   6.615688e+00,   2.669630e-03,   3.465964e+00,   9.295799e+00
  2.650000e+03,   5.151186e+00,   1.048698e+02,   6.678944e+00,   2.685198e-03,   3.484139e+00,   9.327293e+00
  2.700000e+03,   5.156717e+00,   1.057576e+02,   6.741577e+00,   2.700342e-03,   3.502000e+00,   9.358277e+00
  2.750000e+03,   5.162193e+00,   1.066370e+02,   6.803645e+00,   2.715071e-03,   3.519648e+00,   9.388782e+00
  2.800000e+03,   5.167615e+00,   1.075082e+02,   6.865155e+00,   2.729401e-03,   3.537087e+00,   9.418820e+00
  2.850000e+03,   5.172984e+00,   1.083713e+02,   6.926113e+00,   2.743348e-03,   3.554320e+00,   9.448401e+00
  2.900000e+03,   5.178302e+00,   1.092263e+02,   6.986526e+00,   2.756927e-03,   3.571351e+00,   9.477537e+00
  2.950000e+03,   5.183456e+00,   1.100689e+02,   7.046329e+00,   2.770164e-03,   3.588046e+00,   9.506209e+00
  3.000000e+03,   5.188477e+00,   1.109003e+02,   7.105548e+00,   2.783071e-03,   3.604445e+00,   9.534439e+00
  3.050000e+03,   5.193449e+00,   1.117242e+02,   7.164245e+00,   2.795649e-03,   3.620656e+00,   9.562258e+00
  3.100000e+03,   5.198375e+00,   1.125405e+02,   7.222431e+00,   2.807913e-03,   3.636684e+00,   9.589677e+00
  3.150000e+03,   5.203255e+00,   1.133496e+02,   7.280114e+00,   2.819873e-03,   3.652533e+00,   9.616707e+00
  3.200000e+03,   5.208089e+00,   1.141515e+02,   7.337305e+00,   2.831542e-03,   3.668207e+00,   9.643357e+00
  3.250000e+03,   5.212880e+00,   1.149463e+02,   7.394014e+00,   2.842931e-03,   3.683711e+00,   9.669640e+00
  3.300000e+03,   5.217482e+00,   1.157282e+02,   7.450155e+00,   2.854065e-03,   3.698866e+00,   9.695524e+00
  3.350000e+03,   5.222017e+00,   1.165024e+02,   7.505823e+00,   2.864944e-03,   3.713829e+00,   9.721057e+00
  3.400000e+03,   5.226514e+00,   1.172701e+02,   7.561048e+00,   2.875573e-03,   3.728638e+00,   9.746257e+00
  3.450000e+03,   5.230974e+00,   1.180317e+02,   7.615844e+00,   2.885963e-03,   3.743298e+00,   9.771133e+00
  3.500000e+03,   5.235398e+00,   1.187873e+02,   7.670230e+00,   2.896125e-03,   3.757815e+00,   9.795698e+00
  3.550000e+03,   5.239787e+00,   1.195372e+02,   7.724222e+00,   2.906067e-03,   3.772195e+00,   9.819963e+00
  3.600000e+03,   5.244145e+00,   1.202817e+02,   7.777840e+00,   2.915799e-03,   3.786443e+00,   9.843941e+00
  3.650000e+03,   5.248406e+00,   1.210182e+02,   7.831061e+00,   2.925338e-03,   3.800483e+00,   9.867626e+00
  3.700000e+03,   5.252553e+00,   1.217461e+02,   7.883895e+00,   2.934694e-03,   3.814297e+00,   9.891027e+00
  3.750000e+03,   5.256675e+00,   1.224697e+02,   7.936424e+00,   2.943868e-03,   3.828003e+00,   9.914182e+00
  3.800000e+03,   5.260775e+00,   1.231891e+02,   7.988679e+00,   2.952870e-03,   3.841609e+00,   9.937106e+00
  3.850000e+03,   5.264855e+00,   1.239050e+02,   8.040688e+00,   2.961708e-03,   3.855122e+00,   9.959814e+00
  3.900000e+03,   5.268918e+00,   1.246176e+02,   8.092485e+00,   2.970394e-03,   3.868552e+00,   9.982323e+00
  3.950000e+03,   5.272968e+00,   1.253276e+02,   8.144105e+00,   2.978935e-03,   3.881910e+00,   1.000465e+01
  4.000000e+03,   5.277006e+00,   1.260353e+02,   8.195588e+00,   2.987341e-03,   3.895205e+00,   1.002681e+01
  4.050000e+03,   5.280990e+00,   1.267393e+02,   8.246941e+00,   2.995628e-03,   3.908386e+00,   1.004881e+01
  4.100000e+03,   5.284881e+00,   1.274383e+02,   8.298180e+00,   3.003807e-03,   3.921415e+00,   1.007066e+01
  4.150000e+03,   5.288774e+00,   1.281369e+02,   8.349417e+00,   3.011882e-03,   3.934417e+00,   1.009240e+01
  4.200000e+03,   5.292673e+00,   1.288358e+02,   8.400704e+00,   3.019862e-03,   3.947407e+00,   1.011406e+01
  4.250000e+03,   5.296583e+00,   1.295359e+02,   8.452098e+00,   3.027757e-03,   3.960399e+00,   1.013566e+01
  4.300000e+03,   5.300509e+00,   1.302379e+02,   8.503658e+00,   3.035578e-03,   3.973408e+00,   1.015722e+01
  4.350000e+03,   5.304455e+00,   1.309426e+02,   8.555450e+00,   3.043336e-03,   3.986449e+00,   1.017877e+01
  4.400000e+03,   5.308429e+00,   1.316510e+02,   8.607541e+00,   3.051043e-03,   3.999542e+00,   1.020034e+01
  4.450000e+03,   5.312436e+00,   1.323641e+02,   8.660004e+00,   3.058708e-03,   4.012702e+00,   1.022195e+01
  4.500000e+03,   5.316354e+00,   1.330768e+02,   8.712824e+00,   3.066354e-03,   4.025785e+00,   1.024360e+01
  4.550000e+03,   5.320311e+00,   1.337960e+02,   8.766171e+00,   3.073984e-03,   4.038966e+00,   1.026534e+01
  4.600000e+03,   5.324320e+00,   1.345229e+02,   8.820133e+00,   3.081607e-03,   4.052274e+00,   1.028723e+01
  4.650000e+03,   5.328388e+00,   1.352589e+02,   8.874804e+00,   3.089237e-03,   4.065730e+00,   1.030927e+01
  4.700000e+03,   5.332524e+00,   1.360052e+02,   8.930278e+00,   3.096885e-03,   4.079358e+00,   1.033153e+01
  4.750000e+03,   5.336735e+00,   1.367631e+02,   8.986655e+00,   3.104564e-03,   4.093181e+00,   1.035401e+01
  4.800000e+03,   5.341030e+00,   1.375339e+02,   9.044041e+00,   3.112286e-03,   4.107223e+00,   1.037677e+01
  4.850000e+03,   5.345417e+00,   1.383192e+02,   9.102544e+00,   3.120066e-03,   4.121511e+00,   1.039984e+01
  4.900000e+03,   5.349769e+00,   1.391137e+02,   9.162178e+00,   3.127926e-03,   4.135892e+00,   1.042321e+01
  4.950000e+03,   5.354221e+00,   1.399252e+02,   9.223154e+00,   3.135870e-03,   4.150559e+00,   1.044697e+01
  5.000000e+03,   5.358791e+00,   1.407556e+02,   9.285600e+00,   3.143910e-03,   4.165548e+00,   1.047115e+01
  5.050000e+03,   5.363488e+00,   1.416065e+02,   9.349640e+00,   3.152059e-03,   4.180888e+00,   1.049580e+01
  5.100000e+03,   5.368323e+00,   1.424796e+02,   9.415405e+00,   3.160331e-03,   4.196609e+00,   1.052095e+01
  5.150000e+03,   5.373306e+00,   1.433766e+02,   9.483027e+00,   3.168740e-03,   4.212739e+00,   1.054665e+01
  5.200000e+03,   5.378447e+00,   1.442993e+02,   9.552643e+00,   3.177299e-03,   4.229309e+00,   1.057294e+01
  5.250000e+03,   5.383597e+00,   1.452417e+02,   9.624277e+00,   3.186033e-03,   4.246140e+00,   1.059980e+01
  5.300000e+03,   5.388915e+00,   1.462129e+02,   9.698176e+00,   3.194945e-03,   4.263456e+00,   1.062734e+01
  5.350000e+03,   5.394419e+00,   1.472150e+02,   9.774490e+00,   3.204047e-03,   4.281298e+00,   1.065558e+01
  5.400000e+03,   5.400119e+00,   1.482498e+02,   9.853361e+00,   3.213351e-03,   4.299694e+00,   1.068458e+01
  5.450000e+03,   5.406027e+00,   1.493193e+02,   9.934934e+00,   3.222870e-03,   4.318675e+00,   1.071436e+01
  5.500000e+03,   5.412137e+00,   1.504245e+02,   1.001934e+01,   3.232618e-03,   4.338250e+00,   1.074496e+01
  5.550000e+03,   5.418297e+00,   1.515592e+02,   1.010663e+01,   3.242621e-03,   4.358237e+00,   1.077637e+01
  5.600000e+03,   5.424691e+00,   1.527339e+02,   1.019704e+01,   3.252875e-03,   4.378888e+00,   1.080867e+01
  5.650000e+03,   5.431327e+00,   1.539503e+02,   1.029074e+01,   3.263391e-03,   4.400233e+00,   1.084190e+01
  5.700000e+03,   5.438216e+00,   1.552102e+02,   1.038785e+01,   3.274181e-03,   4.422296e+00,   1.087610e+01
  5.750000e+03,   5.445347e+00,   1.565142e+02,   1.048851e+01,   3.285255e-03,   4.445077e+00,   1.091127e+01
  5.800000e+03,   5.452551e+00,   1.578553e+02,   1.059272e+01,   3.296640e-03,   4.468367e+00,   1.094740e+01
  5.850000e+03,   5.460029e+00,   1.592446e+02,   1.070076e+01,   3.308326e-03,   4.492441e+00,   1.098457e+01
  5.900000e+03,   5.467790e+00,   1.606836e+02,   1.081273e+01,   3.320322e-03,   4.517320e+00,   1.102279e+01
  5.950000e+03,   5.475840e+00,   1.621740e+02,   1.092876e+01,   3.332634e-03,   4.543023e+00,   1.106209e+01
  6.000000e+03,   5.484001e+00,   1.637075e+02,   1.104886e+01,   3.345287e-03,   4.569322e+00,   1.110242e+01
  6.050000e+03,   5.492405e+00,   1.652919e+02,   1.117319e+01,   3.358275e-03,   4.596400e+00,   1.114383e+01
  6.100000e+03,   5.501112e+00,   1.669311e+02,   1.130189e+01,   3.371595e-03,   4.624340e+00,   1.118635e+01
  6.150000e+03,   5.510127e+00,   1.686262e+02,   1.143505e+01,   3.385252e-03,   4.653151e+00,   1.122997e+01
  6.200000e+03,   5.519209e+00,   1.703655e+02,   1.157261e+01,   3.399273e-03,   4.682522e+00,   1.127464e+01
  6.250000e+03,   5.528584e+00,   1.721612e+02,   1.171476e+01,   3.413637e-03,   4.712751e+00,   1.132040e+01
  6.300000e+03,   5.538271e+00,   1.740149e+02,   1.186157e+01,   3.428342e-03,   4.743861e+00,   1.136725e+01
  6.350000e+03,   5.548147e+00,   1.759205e+02,   1.201301e+01,   3.443401e-03,   4.775688e+00,   1.141514e+01
  6.400000e+03,   5.558184e+00,   1.778768e+02,   1.216911e+01,   3.458815e-03,   4.808193e+00,   1.146406e+01
  6.450000e+03,   5.568528e+00,   1.798919e+02,   1.232996e+01,   3.474565e-03,   4.841563e+00,   1.151401e+01
  6.500000e+03,   5.579114e+00,   1.819621e+02,   1.249553e+01,   3.490652e-03,   4.875705e+00,   1.156496e+01
  6.550000e+03,   5.589782e+00,   1.840791e+02,   1.266575e+01,   3.507092e-03,   4.910401e+00,   1.161685e+01
  6.600000e+03,   5.600746e+00,   1.862540e+02,   1.284070e+01,   3.523850e-03,   4.945924e+00,   1.166968e+01
  6.650000e+03,   5.611945e+00,   1.884831e+02,   1.302031e+01,   3.540926e-03,   4.982177e+00,   1.172342e+01
  6.700000e+03,   5.623194e+00,   1.907563e+02,   1.320447e+01,   3.558334e-03,   5.018910e+00,   1.177797e+01
  6.750000e+03,   5.634721e+00,   1.930851e+02,   1.339319e+01,   3.576034e-03,   5.056403e+00,   1.183336e+01
  6.800000e+03,   5.646424e+00,   1.954632e+02,   1.358637e+01,   3.594025e-03,   5.094507e+00,   1.188950e+01
  6.850000e+03,   5.658183e+00,   1.978835e+02,   1.378387e+01,   3.612312e-03,   5.133051e+00,   1.194634e+01
  6.900000e+03,   5.670193e+00,   2.003554e+02,   1.398565e+01,   3.630852e-03,   5.172267e+00,   1.200386e+01
  6.950000e+03,   5.682281e+00,   2.028683e+02,   1.419152e+01,   3.649654e-03,   5.211908e+00,   1.206197e+01
  7.000000e+03,   5.694460e+00,   2.054219e+02,   1.440137e+01,   3.668699e-03,   5.251974e+00,   1.212062e+01
  7.050000e+03,   5.706856e+00,   2.080215e+02,   1.461507e+01,   3.687950e-03,   5.292603e+00,   1.217979e+01
  7.100000e+03,   5.719202e+00,   2.106510e+02,   1.483239e+01,   3.707428e-03,   5.333424e+00,   1.223935e+01
  7.150000e+03,   5.731693e+00,   2.133196e+02,   1.505319e+01,   3.727083e-03,   5.374667e+00,   1.229929e+01
  7.200000e+03,   5.744301e+00,   2.160238e+02,   1.527728e+01,   3.746898e-03,   5.416269e+00,   1.235954e+01
  7.250000e+03,   5.756836e+00,   2.187514e+02,   1.550442e+01,   3.766881e-03,   5.457956e+00,   1.242000e+01
  7.300000e+03,   5.769519e+00,   2.215127e+02,   1.573441e+01,   3.786974e-03,   5.499991e+00,   1.248066e+01
  7.350000e+03,   5.782163e+00,   2.242951e+02,   1.596702e+01,   3.807184e-03,   5.542101e+00,   1.254140e+01
  7.400000e+03,   5.794805e+00,   2.270987e+02,   1.620199e+01,   3.827481e-03,   5.584307e+00,   1.260219e+01
  7.450000e+03,   5.807551e+00,   2.299270e+02,   1.643910e+01,   3.847824e-03,   5.626718e+00,   1.266297e+01
  7.500000e+03,   5.820102e+00,   2.327611e+02,   1.667805e+01,   3.868236e-03,   5.668917e+00,   1.272363e+01
  7.550000e+03,   5.832720e+00,   2.356133e+02,   1.691860e+01,   3.888650e-03,   5.711217e+00,   1.278416e+01
  7.600000e+03,   5.845292e+00,   2.384749e+02,   1.716047e+01,   3.909058e-03,   5.753442e+00,   1.284446e+01
  7.650000e+03,   5.857728e+00,   2.413382e+02,   1.740338e+01,   3.929453e-03,   5.795445e+00,   1.290447e+01
  7.700000e+03,   5.870189e+00,   2.442099e+02,   1.764704e+01,   3.949779e-03,   5.837409e+00,   1.296415e+01
  7.750000e+03,   5.882467e+00,   2.470757e+02,   1.789117e+01,   3.970049e-03,   5.879036e+00,   1.302341e+01
  7.800000e+03,   5.894662e+00,   2.499387e+02,   1.813547e+01,   3.990221e-03,   5.920428e+00,   1.308221e+01
  7.850000e+03,   5.906835e+00,   2.528000e+02,   1.837966e+01,   4.010259e-03,   5.961637e+00,   1.314051e+01
  7.900000e+03,   5.918716e+00,   2.556413e+02,   1.862346e+01,   4.030187e-03,   6.002287e+00,   1.319821e+01
  7.950000e+03,   5.930547e+00,   2.584743e+02,   1.886657e+01,   4.049939e-03,   6.042667e+00,   1.325530e+01
  8.000000e+03,   5.942260e+00,   2.612927e+02,   1.910870e+01,   4.069504e-03,   6.082666e+00,   1.331172e+01
  8.050000e+03,   5.953706e+00,   2.640850e+02,   1.934959e+01,   4.088887e-03,   6.122062e+00,   1.336740e+01
  8.100000e+03,   5.965060e+00,   2.668595e+02,   1.958896e+01,   4.108036e-03,   6.161066e+00,   1.342232e+01
  8.150000e+03,   5.976239e+00,   2.696089e+02,   1.982654e+01,   4.126946e-03,   6.199545e+00,   1.347644e+01
  8.200000e+03,   5.987147e+00,   2.723251e+02,   2.006207e+01,   4.145615e-03,   6.237354e+00,   1.352970e+01
  8.250000e+03,   5.997929e+00,   2.750148e+02,   2.029531e+01,   4.163999e-03,   6.274665e+00,   1.358209e+01
  8.300000e+03,   6.008518e+00,   2.776720e+02,   2.052602e+01,   4.182094e-03,   6.311372e+00,   1.363356e+01
  8.350000e+03,   6.018805e+00,   2.802880e+02,   2.075397e+01,   4.199904e-03,   6.347316e+00,   1.368407e+01
  8.400000e+03,   6.028936e+00,   2.828701e+02,   2.097895e+01,   4.217387e-03,   6.382675e+00,   1.373362e+01
  8.450000e+03,   6.038901e+00,   2.854157e+02,   2.120075e+01,   4.234533e-03,   6.417420e+00,   1.378219e+01
  8.500000e+03,   6.048504e+00,   2.879112e+02,   2.141920e+01,   4.251368e-03,   6.451282e+00,   1.382972e+01
  8.550000e+03,   6.057928e+00,   2.903666e+02,   2.163411e+01,   4.267845e-03,   6.484494e+00,   1.387623e+01
  8.600000e+03,   6.067168e+00,   2.927801e+02,   2.184533e+01,   4.283959e-03,   6.517037e+00,   1.392170e+01
  8.650000e+03,   6.076133e+00,   2.951448e+02,   2.205271e+01,   4.299718e-03,   6.548786e+00,   1.396611e+01
  8.700000e+03,   6.084816e+00,   2.974593e+02,   2.225614e+01,   4.315118e-03,   6.579723e+00,   1.400944e+01
  8.750000e+03,   6.093301e+00,   2.997280e+02,   2.245550e+01,   4.330138e-03,   6.609957e+00,   1.405172e+01
  8.800000e+03,   6.101585e+00,   3.019497e+02,   2.265069e+01,   4.344775e-03,   6.639479e+00,   1.409294e+01
  8.850000e+03,   6.109574e+00,   3.041179e+02,   2.284164e+01,   4.359047e-03,   6.668163e+00,   1.413308e+01
  8.900000e+03,   6.117299e+00,   3.062339e+02,   2.302829e+01,   4.372945e-03,   6.696049e+00,   1.417214e+01
  8.950000e+03,   6.124818e+00,   3.083013e+02,   2.321058e+01,   4.386460e-03,   6.723216e+00,   1.421017e+01
  9.000000e+03,   6.132133e+00,   3.103196e+02,   2.338849e+01,   4.399593e-03,   6.749666e+00,   1.424714e+01
  9.050000e+03,   6.139215e+00,   3.122870e+02,   2.356200e+01,   4.412353e-03,   6.775365e+00,   1.428309e+01
  9.100000e+03,   6.145990e+00,   3.141985e+02,   2.373110e+01,   4.424757e-03,   6.800219e+00,   1.431799e+01
  9.150000e+03,   6.152564e+00,   3.160611e+02,   2.389582e+01,   4.436791e-03,   6.824372e+00,   1.435190e+01
  9.200000e+03,   6.158938e+00,   3.178752e+02,   2.405616e+01,   4.448459e-03,   6.847835e+00,   1.438482e+01
  9.250000e+03,   6.165115e+00,   3.196412e+02,   2.421218e+01,   4.459770e-03,   6.870615e+00,   1.441677e+01
  9.300000e+03,   6.171093e+00,   3.213592e+02,   2.436391e+01,   4.470730e-03,   6.892719e+00,   1.444778e+01
  9.350000e+03,   6.176777e+00,   3.230235e+02,   2.451141e+01,   4.481365e-03,   6.914029e+00,   1.447784e+01
  9.400000e+03,   6.182277e+00,   3.246419e+02,   2.465475e+01,   4.491664e-03,   6.934699e+00,   1.450701e+01
  9.450000e+03,   6.187594e+00,   3.262152e+02,   2.479402e+01,   4.501635e-03,   6.954743e+00,   1.453530e+01
  9.500000e+03,   6.192735e+00,   3.277443e+02,   2.492929e+01,   4.511289e-03,   6.974177e+00,   1.456274e+01
  9.550000e+03,   6.197703e+00,   3.292303e+02,   2.506067e+01,   4.520633e-03,   6.993017e+00,   1.458936e+01
  9.600000e+03,   6.202502e+00,   3.306743e+02,   2.518824e+01,   4.529679e-03,   7.011281e+00,   1.461518e+01
  9.650000e+03,   6.207079e+00,   3.320735e+02,   2.531211e+01,   4.538445e-03,   7.028907e+00,   1.464021e+01
  9.700000e+03,   6.211475e+00,   3.334314e+02,   2.543239e+01,   4.546937e-03,   7.045963e+00,   1.466450e+01
  9.750000e+03,   6.215721e+00,   3.347512e+02,   2.554919e+01,   4.555159e-03,   7.062500e+00,   1.468806e+01
  9.800000e+03,   6.219821e+00,   3.360340e+02,   2.566264e+01,   4.563122e-03,   7.078537e+00,   1.471095e+01
  9.850000e+03,   6.223781e+00,   3.372811e+02,   2.577284e+01,   4.570835e-03,   7.094092e+00,   1.473317e+01
  9.900000e+03,   6.227607e+00,   3.384940e+02,   2.587992e+01,   4.578310e-03,   7.109186e+00,   1.475475e+01
  9.950000e+03,   6.231302e+00,   3.396738e+02,   2.598401e+01,   4.585556e-03,   7.123835e+00,   1.477573e+01
  1.000000e+04,   6.234874e+00,   3.408219e+02,   2.608521e+01,   4.592583e-03,   7.138060e+00,   1.479613e+01
  1.005000e+04,   6.238301e+00,   3.419379e+02,   2.618365e+01,   4.599405e-03,   7.151843e+00,   1.481597e+01
  1.010000e+04,   6.241580e+00,   3.430225e+02,   2.627944e+01,   4.606034e-03,   7.165193e+00,   1.483528e+01
  1.015000e+04,   6.244754e+00,   3.440795e+02,   2.637271e+01,   4.612472e-03,   7.178176e+00,   1.485408e+01
  1.020000e+04,   6.247825e+00,   3.451102e+02,   2.646358e+01,   4.618728e-03,   7.190808e+00,   1.487240e+01
  1.025000e+04,   6.250801e+00,   3.461158e+02,   2.655216e+01,   4.624812e-03,   7.203108e+00,   1.489026e+01
  1.030000e+04,   6.253684e+00,   3.470976e+02,   2.663857e+01,   4.630732e-03,   7.215091e+00,   1.490770e+01
  1.035000e+04,   6.256481e+00,   3.480568e+02,   2.672291e+01,   4.636497e-03,   7.226775e+00,   1.492473e+01
  1.040000e+04,   6.259195e+00,   3.489945e+02,   2.680530e+01,   4.642114e-03,   7.238175e+00,   1.494137e+01
  1.045000e+04,   6.261832e+00,   3.499119e+02,   2.688584e+01,   4.647591e-03,   7.249307e+00,   1.495764e+01
  1.050000e+04,   6.264395e+00,   3.508102e+02,   2.696463e+01,   4.652936e-03,   7.260184e+00,   1.497357e+01
  1.055000e+04,   6.266889e+00,   3.516903e+02,   2.704176e+01,   4.658155e-03,   7.270823e+00,   1.498918e+01
  1.060000e+04,   6.269318e+00,   3.525534e+02,   2.711735e+01,   4.663257e-03,   7.281235e+00,   1.500447e+01
  1.065000e+04,   6.271654e+00,   3.533982e+02,   2.719145e+01,   4.668252e-03,   7.291394e+00,   1.501947e+01
  1.070000e+04,   6.273924e+00,   3.542271e+02,   2.726418e+01,   4.673142e-03,   7.301340e+00,   1.503420e+01
  1.075000e+04,   6.276140e+00,   3.550420e+02,   2.733562e+01,   4.677933e-03,   7.311100e+00,   1.504866e+01
  1.080000e+04,   6.278307e+00,   3.558436e+02,   2.740585e+01,   4.682630e-03,   7.320685e+00,   1.506289e+01
  1.085000e+04,   6.280427e+00,   3.566329e+02,   2.747494e+01,   4.687239e-03,   7.330107e+00,   1.507690e+01
  1.090000e+04,   6.282504e+00,   3.574105e+02,   2.754298e+01,   4.691764e-03,   7.339376e+00,   1.509069e+01
  1.095000e+04,   6.284541e+00,   3.581774e+02,   2.761004e+01,   4.696210e-03,   7.348503e+00,   1.510428e+01
  1.100000e+04,   6.286540e+00,   3.589341e+02,   2.767617e+01,   4.700583e-03,   7.357496e+00,   1.511770e+01
  1.105000e+04,   6.288504e+00,   3.596815e+02,   2.774145e+01,   4.704886e-03,   7.366365e+00,   1.513093e+01
  1.110000e+04,   6.290436e+00,   3.604202e+02,   2.780595e+01,   4.709123e-03,   7.375119e+00,   1.514401e+01
  1.115000e+04,   6.292338e+00,   3.611508e+02,   2.786971e+01,   4.713299e-03,   7.383766e+00,   1.515694e+01
  1.120000e+04,   6.294213e+00,   3.618739e+02,   2.793279e+01,   4.717417e-03,   7.392313e+00,   1.516973e+01
  1.125000e+04,   6.296062e+00,   3.625902e+02,   2.799524e+01,   4.721481e-03,   7.400768e+00,   1.518239e+01
  1.130000e+04,   6.297887e+00,   3.633001e+02,   2.805713e+01,   4.725494e-03,   7.409138e+00,   1.519493e+01
  1.135000e+04,   6.299691e+00,   3.640041e+02,   2.811848e+01,   4.729458e-03,   7.417430e+00,   1.520736e+01
  1.140000e+04,   6.301476e+00,   3.647028e+02,   2.817935e+01,   4.733378e-03,   7.425649e+00,   1.521968e+01
  1.145000e+04,   6.303237e+00,   3.653962e+02,   2.823978e+01,   4.737256e-03,   7.433795e+00,   1.523191e+01
  1.150000e+04,   6.304958e+00,   3.660833e+02,   2.829980e+01,   4.741098e-03,   7.441846e+00,   1.524404e+01
  1.155000e+04,   6.306664e+00,   3.667664e+02,   2.835945e+01,   4.744902e-03,   7.449841e+00,   1.525610e+01
  1.160000e+04,   6.308357e+00,   3.674458e+02,   2.841878e+01,   4.748672e-03,   7.457787e+00,   1.526807e+01
  1.165000e+04,   6.310038e+00,   3.681219e+02,   2.847781e+01,   4.752408e-03,   7.465686e+00,   1.527998e+01
  1.170000e+04,   6.311709e+00,   3.687951e+02,   2.853658e+01,   4.756114e-03,   7.473544e+00,   1.529183e+01
  1.175000e+04,   6.313371e+00,   3.694656e+02,   2.859512e+01,   4.759790e-03,   7.481365e+00,   1.530362e+01
  1.180000e+04,   6.315025e+00,   3.701337e+02,   2.865345e+01,   4.763438e-03,   7.489152e+00,   1.531535e+01
  1.185000e+04,   6.316671e+00,   3.707999e+02,   2.871160e+01,   4.767061e-03,   7.496909e+00,   1.532704e+01
  1.190000e+04,   6.318312e+00,   3.714642e+02,   2.876960e+01,   4.770659e-03,   7.504639e+00,   1.533868e+01
  1.195000e+04,   6.319948e+00,   3.721269e+02,   2.882746e+01,   4.774235e-03,   7.512346e+00,   1.535029e+01
  1.200000e+04,   6.321579e+00,   3.727884e+02,   2.888522e+01,   4.777788e-03,   7.520031e+00,   1.536185e+01
  1.205000e+04,   6.323207e+00,   3.734487e+02,   2.894289e+01,   4.781322e-03,   7.527699e+00,   1.537339e+01
  1.210000e+04,   6.324832e+00,   3.741082e+02,   2.900048e+01,   4.784836e-03,   7.535351e+00,   1.538490e+01
  1.215000e+04,   6.326455e+00,   3.747670e+02,   2.905802e+01,   4.788332e-03,   7.542991e+00,   1.539638e+01
  1.220000e+04,   6.328077e+00,   3.754252e+02,   2.911553e+01,   4.791811e-03,   7.550619e+00,   1.540784e+01
  1.225000e+04,   6.329698e+00,   3.760831e+02,   2.917301e+01,   4.795274e-03,   7.558239e+00,   1.541928e+01
  1.230000e+04,   6.331319e+00,   3.767407e+02,   2.923049e+01,   4.798721e-03,   7.565851e+00,   1.543070e+01
  1.235000e+04,   6.332940e+00,   3.773983e+02,   2.928797e+01,   4.802154e-03,   7.573459e+00,   1.544211e+01
  1.240000e+04,   6.334562e+00,   3.780560e+02,   2.934547e+01,   4.805574e-03,   7.581063e+00,   1.545350e+01
  1.245000e+04,   6.336181e+00,   3.787135e+02,   2.940300e+01,   4.808981e-03,   7.588660e+00,   1.546488e+01
  1.250000e+04,   6.337778e+00,   3.793697e+02,   2.946056e+01,   4.812379e-03,   7.596224e+00,   1.547625e+01
  1.255000e+04,   6.339378e+00,   3.800262e+02,   2.951817e+01,   4.815765e-03,   7.603789e+00,   1.548761e+01
  1.260000e+04,   6.340980e+00,   3.806833e+02,   2.957584e+01,   4.819140e-03,   7.611357e+00,   1.549896e+01
  1.265000e+04,   6.342584e+00,   3.813410e+02,   2.963358e+01,   4.822504e-03,   7.618927e+00,   1.551031e+01
  1.270000e+04,   6.344192e+00,   3.819994e+02,   2.969139e+01,   4.825858e-03,   7.626502e+00,   1.552166e+01
  1.275000e+04,   6.345803e+00,   3.826585e+02,   2.974929e+01,   4.829203e-03,   7.634082e+00,   1.553300e+01
  1.280000e+04,   6.347418e+00,   3.833185e+02,   2.980728e+01,   4.832538e-03,   7.641668e+00,   1.554435e+01
  1.285000e+04,   6.349036e+00,   3.839794e+02,   2.986537e+01,   4.835863e-03,   7.649261e+00,   1.555569e+01
  1.290000e+04,   6.350659e+00,   3.846413e+02,   2.992356e+01,   4.839181e-03,   7.656862e+00,   1.556704e+01
  1.295000e+04,   6.352286e+00,   3.853042e+02,   2.998185e+01,   4.842490e-03,   7.664471e+00,   1.557839e+01
  1.300000e+04,   6.353917e+00,   3.859682e+02,   3.004026e+01,   4.845791e-03,   7.672089e+00,   1.558974e+01
  1.305000e+04,   6.355552e+00,   3.866333e+02,   3.009879e+01,   4.849084e-03,   7.679716e+00,   1.560109e+01
  1.310000e+04,   6.357193e+00,   3.872996e+02,   3.015744e+01,   4.852369e-03,   7.687353e+00,   1.561245e+01
  1.315000e+04,   6.358838e+00,   3.879671e+02,   3.021621e+01,   4.855648e-03,   7.695001e+00,   1.562382e+01
  1.320000e+04,   6.360488e+00,   3.886358e+02,   3.027511e+01,   4.858919e-03,   7.702659e+00,   1.563519e+01
  1.325000e+04,   6.362144e+00,   3.893058e+02,   3.033414e+01,   4.862184e-03,   7.710329e+00,   1.564656e+01
  1.330000e+04,   6.363804e+00,   3.899771e+02,   3.039330e+01,   4.865441e-03,   7.718010e+00,   1.565794e+01
  1.335000e+04,   6.365470e+00,   3.906498e+02,   3.045261e+01,   4.868693e-03,   7.725703e+00,   1.566933e+01
  1.340000e+04,   6.367141e+00,   3.913238e+02,   3.051204e+01,   4.871938e-03,   7.733408e+00,   1.568073e+01
  1.345000e+04,   6.368817e+00,   3.919991e+02,   3.057162e+01,   4.875176e-03,   7.741125e+00,   1.569213e+01
  1.350000e+04,   6.370473e+00,   3.926739e+02,   3.063132e+01,   4.878413e-03,   7.748819e+00,   1.570354e+01
  1.355000e+04,   6.372132e+00,   3.933499e+02,   3.069117e+01,   4.881644e-03,   7.756523e+00,   1.571495e+01
  1.360000e+04,   6.373797e+00,   3.940274e+02,   3.075116e+01,   4.884869e-03,   7.764239e+00,   1.572637e+01
  1.365000e+04,   6.375467e+00,   3.947062e+02,   3.081129e+01,   4.888088e-03,   7.771968e+00,   1.573779e+01
  1.370000e+04,   6.377142e+00,   3.953865e+02,   3.087157e+01,   4.891301e-03,   7.779710e+00,   1.574923e+01
  1.375000e+04,   6.378823e+00,   3.960682e+02,   3.093199e+01,   4.894509e-03,   7.787465e+00,   1.576068e+01
  1.380000e+04,   6.380510e+00,   3.967514e+02,   3.099256e+01,   4.897712e-03,   7.795233e+00,   1.577213e+01
  1.385000e+04,   6.382202e+00,   3.974360e+02,   3.105328e+01,   4.900908e-03,   7.803014e+00,   1.578359e+01
  1.390000e+04,   6.383899e+00,   3.981220e+02,   3.111415e+01,   4.904099e-03,   7.810807e+00,   1.579506e+01
  1.395000e+04,   6.385602e+00,   3.988095e+02,   3.117516e+01,   4.907285e-03,   7.818614e+00,   1.580654e+01
  1.400000e+04,   6.387311e+00,   3.994985e+02,   3.123632e+01,   4.910466e-03,   7.826433e+00,   1.581802e+01
  1.405000e+04,   6.389025e+00,   4.001888e+02,   3.129762e+01,   4.913641e-03,   7.834266e+00,   1.582951e+01
  1.410000e+04,   6.390744e+00,   4.008807e+02,   3.135908e+01,   4.916811e-03,   7.842111e+00,   1.584102e+01
  1.415000e+04,   6.392469e+00,   4.015739e+02,   3.142067e+01,   4.919975e-03,   7.849969e+00,   1.585253e+01
  1.420000e+04,   6.394199e+00,   4.022686e+02,   3.148242e+01,   4.923134e-03,   7.857839e+00,   1.586405e+01
  1.425000e+04,   6.395935e+00,   4.029647e+02,   3.154431e+01,   4.926288e-03,   7.865722e+00,   1.587557e+01
  1.430000e+04,   6.397675e+00,   4.036623e+02,   3.160634e+01,   4.929437e-03,   7.873618e+00,   1.588710e+01
  1.435000e+04,   6.399422e+00,   4.043612e+02,   3.166852e+01,   4.932580e-03,   7.881526e+00,   1.589865e+01
  1.440000e+04,   6.401173e+00,   4.050616e+02,   3.173085e+01,   4.935718e-03,   7.889446e+00,   1.591019e+01
  1.445000e+04,   6.402914e+00,   4.057621e+02,   3.179330e+01,   4.938854e-03,   7.897356e+00,   1.592175e+01
  1.450000e+04,   6.404647e+00,   4.064631e+02,   3.185589e+01,   4.941986e-03,   7.905261e+00,   1.593330e+01
  1.455000e+04,   6.406385e+00,   4.071654e+02,   3.191862e+01,   4.945112e-03,   7.913178e+00,   1.594487e+01
  1.460000e+04,   6.408128e+00,   4.078691e+02,   3.198149e+01,   4.948234e-03,   7.921106e+00,   1.595644e+01
  1.465000e+04,   6.409876e+00,   4.085741e+02,   3.204449e+01,   4.951350e-03,   7.929046e+00,   1.596801e+01
  1.470000e+04,   6.411629e+00,   4.092805e+02,   3.210764e+01,   4.954461e-03,   7.936997e+00,   1.597959e+01
  1.475000e+04,   6.413387e+00,   4.099882e+02,   3.217092e+01,   4.957567e-03,   7.944959e+00,   1.599118e+01
  1.480000e+04,   6.415150e+00,   4.106972e+02,   3.223434e+01,   4.960668e-03,   7.952933e+00,   1.600278e+01
  1.485000e+04,   6.416917e+00,   4.114076e+02,   3.229789e+01,   4.963763e-03,   7.960917e+00,   1.601438e+01
  1.490000e+04,   6.418689e+00,   4.121192e+02,   3.236157e+01,   4.966853e-03,   7.968912e+00,   1.602599e+01
  1.495000e+04,   6.420466e+00,   4.128321e+02,   3.242539e+01,   4.969938e-03,   7.976918e+00,   1.603760e+01
  1.500000e+04,   6.422248e+00,   4.135463e+02,   3.248934e+01,   4.973017e-03,   7.984934e+00,   1.604922e+01
  1.505000e+04,   6.424034e+00,   4.142618e+02,   3.255342e+01,   4.976091e-03,   7.992960e+00,   1.606084e+01
  1.510000e+04,   6.425825e+00,   4.149785e+02,   3.261763e+01,   4.979160e-03,   8.000996e+00,   1.607246e+01
  1.515000e+04,   6.427620e+00,   4.156965e+02,   3.268196e+01,   4.982224e-03,   8.009042e+00,   1.608410e+01
  1.520000e+04,   6.429420e+00,   4.164156e+02,   3.274642e+01,   4.985282e-03,   8.017098e+00,   1.609573e+01
  1.525000e+04,   6.431224e+00,   4.171360e+02,   3.281101e+01,   4.988334e-03,   8.025164e+00,   1.610737e+01
  1.530000e+04,   6.433032e+00,   4.178576e+02,   3.287572e+01,   4.991382e-03,   8.033239e+00,   1.611902e+01
  1.535000e+04,   6.434845e+00,   4.185803e+02,   3.294055e+01,   4.994424e-03,   8.041323e+00,   1.613066e+01
  1.540000e+04,   6.436634e+00,   4.193021e+02,   3.300549e+01,   4.997464e-03,   8.049378e+00,   1.614231e+01
  1.545000e+04,   6.438426e+00,   4.200249e+02,   3.307054e+01,   5.000500e-03,   8.057440e+00,   1.615396e+01
  1.550000e+04,   6.440222e+00,   4.207489e+02,   3.313571e+01,   5.003530e-03,   8.065511e+00,   1.616561e+01
  1.555000e+04,   6.442021e+00,   4.214739e+02,   3.320100e+01,   5.006554e-03,   8.073590e+00,   1.617726e+01
  1.560000e+04,   6.443825e+00,   4.222001e+02,   3.326640e+01,   5.009573e-03,   8.081677e+00,   1.618892e+01
  1.565000e+04,   6.445633e+00,   4.229274e+02,   3.333192e+01,   5.012587e-03,   8.089773e+00,   1.620058e+01
  1.570000e+04,   6.447444e+00,   4.236558e+02,   3.339755e+01,   5.015595e-03,   8.097876e+00,   1.621224e+01
  1.575000e+04,   6.449259e+00,   4.243852e+02,   3.346330e+01,   5.018598e-03,   8.105987e+00,   1.622390e+01
  1.580000e+04,   6.451078e+00,   4.251157e+02,   3.352915e+01,   5.021595e-03,   8.114106e+00,   1.623557e+01
  1.585000e+04,   6.452901e+00,   4.258473e+02,   3.359512e+01,   5.024586e-03,   8.122232e+00,   1.624723e+01
  1.590000e+04,   6.454727e+00,   4.265798e+02,   3.366119e+01,   5.027572e-03,   8.130366e+00,   1.625890e+01
  1.595000e+04,   6.456557e+00,   4.273134e+02,   3.372737e+01,   5.030552e-03,   8.138506e+00,   1.627057e+01
  1.600000e+04,   6.458390e+00,   4.280480e+02,   3.379366e+01,   5.033527e-03,   8.146654e+00,   1.628224e+01
  1.605000e+04,   6.460227e+00,   4.287836e+02,   3.386005e+01,   5.036496e-03,   8.154808e+00,   1.629391e+01
  1.610000e+04,   6.462067e+00,   4.295202e+02,   3.392654e+01,   5.039460e-03,   8.162969e+00,   1.630558e+01
  1.615000e+04,   6.463911e+00,   4.302577e+02,   3.399314e+01,   5.042418e-03,   8.171137e+00,   1.631725e+01
  1.620000e+04,   6.465758e+00,   4.309962e+02,   3.405984e+01,   5.045370e-03,   8.179310e+00,   1.632893e+01
  1.625000e+04,   6.467608e+00,   4.317356e+02,   3.412663e+01,   5.048317e-03,   8.187490e+00,   1.634060e+01
  1.630000e+04,   6.469438e+00,   4.324741e+02,   3.419351e+01,   5.051261e-03,   8.195644e+00,   1.635227e+01
  1.635000e+04,   6.471265e+00,   4.332130e+02,   3.426048e+01,   5.054201e-03,   8.203795e+00,   1.636393e+01
  1.640000e+04,   6.473095e+00,   4.339529e+02,   3.432754e+01,   5.057135e-03,   8.211952e+00,   1.637560e+01
  1.645000e+04,   6.474928e+00,   4.346937e+02,   3.439471e+01,   5.060063e-03,   8.220114e+00,   1.638726e+01
  1.650000e+04,   6.476765e+00,   4.354353e+02,   3.446196e+01,   5.062986e-03,   8.228282e+00,   1.639892e+01
  1.655000e+04,   6.478604e+00,   4.361778e+02,   3.452931e+01,   5.065902e-03,   8.236455e+00,   1.641059e+01
  1.660000e+04,   6.480446e+00,   4.369211e+02,   3.459674e+01,   5.068814e-03,   8.244633e+00,   1.642225e+01
  1.665000e+04,   6.482291e+00,   4.376653e+02,   3.466427e+01,   5.071719e-03,   8.252816e+00,   1.643391e+01
  1.670000e+04,   6.484139e+00,   4.384103e+02,   3.473189e+01,   5.074619e-03,   8.261004e+00,   1.644557e+01
  1.675000e+04,   6.485990e+00,   4.391561e+02,   3.479959e+01,   5.077513e-03,   8.269196e+00,   1.645722e+01
  1.680000e+04,   6.487843e+00,   4.399028e+02,   3.486739e+01,   5.080401e-03,   8.277393e+00,   1.646888e+01
  1.685000e+04,   6.489699e+00,   4.406502e+02,   3.493526e+01,   5.083283e-03,   8.285594e+00,   1.648053e+01
  1.690000e+04,   6.491558e+00,   4.413984e+02,   3.500322e+01,   5.086160e-03,   8.293800e+00,   1.649218e+01
  1.695000e+04,   6.493419e+00,   4.421474e+02,   3.507127e+01,   5.089031e-03,   8.302009e+00,   1.650383e+01
  1.700000e+04,   6.495282e+00,   4.428971e+02,   3.513940e+01,   5.091896e-03,   8.310222e+00,   1.651548e+01
  1.705000e+04,   6.497149e+00,   4.436476e+02,   3.520760e+01,   5.094756e-03,   8.318440e+00,   1.652712e+01
  1.710000e+04,   6.499017e+00,   4.443988e+02,   3.527589e+01,   5.097609e-03,   8.326660e+00,   1.653876e+01
  1.715000e+04,   6.500889e+00,   4.451507e+02,   3.534426e+01,   5.100457e-03,   8.334885e+00,   1.655040e+01
  1.720000e+04,   6.502734e+00,   4.459012e+02,   3.541269e+01,   5.103303e-03,   8.343074e+00,   1.656203e+01
  1.725000e+04,   6.504581e+00,   4.466522e+02,   3.548119e+01,   5.106144e-03,   8.351265e+00,   1.657365e+01
  1.730000e+04,   6.506430e+00,   4.474039e+02,   3.554976e+01,   5.108979e-03,   8.359459e+00,   1.658527e+01
  1.735000e+04,   6.508281e+00,   4.481564e+02,   3.561841e+01,   5.111808e-03,   8.367656e+00,   1.659689e+01
  1.740000e+04,   6.510134e+00,   4.489094e+02,   3.568714e+01,   5.114631e-03,   8.375856e+00,   1.660850e+01
  1.745000e+04,   6.511990e+00,   4.496632e+02,   3.575594e+01,   5.117448e-03,   8.384058e+00,   1.662011e+01
  1.750000e+04,   6.513847e+00,   4.504176e+02,   3.582481e+01,   5.120260e-03,   8.392264e+00,   1.663172e+01
  1.755000e+04,   6.515707e+00,   4.511727e+02,   3.589375e+01,   5.123066e-03,   8.400472e+00,   1.664332e+01
  1.760000e+04,   6.517569e+00,   4.519283e+02,   3.596276e+01,   5.125866e-03,   8.408682e+00,   1.665492e+01
  1.765000e+04,   6.519433e+00,   4.526847e+02,   3.603184e+01,   5.128660e-03,   8.416895e+00,   1.666652e+01
  1.770000e+04,   6.521298e+00,   4.534416e+02,   3.610099e+01,   5.131449e-03,   8.425110e+00,   1.667811e+01
  1.775000e+04,   6.523166e+00,   4.541991e+02,   3.617021e+01,   5.134231e-03,   8.433327e+00,   1.668969e+01
  1.780000e+04,   6.525036e+00,   4.549572e+02,   3.623950e+01,   5.137008e-03,   8.441546e+00,   1.670127e+01
  1.785000e+04,   6.526907e+00,   4.557159e+02,   3.630885e+01,   5.139780e-03,   8.449766e+00,   1.671285e+01
  1.790000e+04,   6.528780e+00,   4.564752e+02,   3.637826e+01,   5.142545e-03,   8.457989e+00,   1.672442e+01
  1.795000e+04,   6.530655e+00,   4.572350e+02,   3.644774e+01,   5.145305e-03,   8.466213e+00,   1.673598e+01
  1.800000e+04,   6.532532e+00,   4.579955e+02,   3.651728e+01,   5.148058e-03,   8.474439e+00,   1.674754e+01
  1.805000e+04,   6.534404e+00,   4.587559e+02,   3.658688e+01,   5.150807e-03,   8.482658e+00,   1.675910e+01
  1.810000e+04,   6.536256e+00,   4.595151e+02,   3.665652e+01,   5.153554e-03,   8.490847e+00,   1.677064e+01
  1.815000e+04,   6.538109e+00,   4.602748e+02,   3.672622e+01,   5.156295e-03,   8.499037e+00,   1.678218e+01
  1.820000e+04,   6.539964e+00,   4.610350e+02,   3.679598e+01,   5.159030e-03,   8.507229e+00,   1.679371e+01
  1.825000e+04,   6.541820e+00,   4.617958e+02,   3.686581e+01,   5.161759e-03,   8.515421e+00,   1.680524e+01
  1.830000e+04,   6.543678e+00,   4.625571e+02,   3.693568e+01,   5.164482e-03,   8.523615e+00,   1.681676e+01
  1.835000e+04,   6.545538e+00,   4.633188e+02,   3.700562e+01,   5.167200e-03,   8.531810e+00,   1.682828e+01
  1.840000e+04,   6.547398e+00,   4.640811e+02,   3.707561e+01,   5.169912e-03,   8.540005e+00,   1.683979e+01
  1.845000e+04,   6.549261e+00,   4.648438e+02,   3.714566e+01,   5.172618e-03,   8.548201e+00,   1.685130e+01
  1.850000e+04,   6.551125e+00,   4.656071e+02,   3.721577e+01,   5.175319e-03,   8.556398e+00,   1.686279e+01
  1.855000e+04,   6.552990e+00,   4.663707e+02,   3.728592e+01,   5.178013e-03,   8.564595e+00,   1.687429e+01
  1.860000e+04,   6.554857e+00,   4.671349e+02,   3.735614e+01,   5.180702e-03,   8.572793e+00,   1.688577e+01
  1.865000e+04,   6.556725e+00,   4.678995e+02,   3.742640e+01,   5.183386e-03,   8.580991e+00,   1.689725e+01
  1.870000e+04,   6.558595e+00,   4.686645e+02,   3.749672e+01,   5.186063e-03,   8.589190e+00,   1.690872e+01
  1.875000e+04,   6.560465e+00,   4.694300e+02,   3.756708e+01,   5.188735e-03,   8.597388e+00,   1.692019e+01
  1.880000e+04,   6.562337e+00,   4.701959e+02,   3.763750e+01,   5.191402e-03,   8.605587e+00,   1.693165e+01
  1.885000e+04,   6.564211e+00,   4.709623e+02,   3.770797e+01,   5.194062e-03,   8.613786e+00,   1.694310e+01
  1.890000e+04,   6.566085e+00,   4.717290e+02,   3.777849e+01,   5.196717e-03,   8.621985e+00,   1.695455e+01
  1.895000e+04,   6.567946e+00,   4.724950e+02,   3.784904e+01,   5.199369e-03,   8.630164e+00,   1.696599e+01
  1.900000e+04,   6.569795e+00,   4.732603e+02,   3.791963e+01,   5.202016e-03,   8.638323e+00,   1.697741e+01
  1.905000e+04,   6.571645e+00,   4.740259e+02,   3.799027e+01,   5.204658e-03,   8.646483e+00,   1.698883e+01
  1.910000e+04,   6.573495e+00,   4.747920e+02,   3.806095e+01,   5.207295e-03,   8.654642e+00,   1.700025e+01
  1.915000e+04,   6.575347e+00,   4.755584e+02,   3.813168e+01,   5.209926e-03,   8.662801e+00,   1.701165e+01
  1.920000e+04,   6.577200e+00,   4.763253e+02,   3.820246e+01,   5.212551e-03,   8.670959e+00,   1.702305e+01
  1.925000e+04,   6.579054e+00,   4.770924e+02,   3.827328e+01,   5.215170e-03,   8.679117e+00,   1.703444e+01
  1.930000e+04,   6.580910e+00,   4.778600e+02,   3.834414e+01,   5.217784e-03,   8.687274e+00,   1.704583e+01
  1.935000e+04,   6.582766e+00,   4.786279e+02,   3.841505e+01,   5.220393e-03,   8.695431e+00,   1.705720e+01
  1.940000e+04,   6.584623e+00,   4.793962e+02,   3.848600e+01,   5.222995e-03,   8.703587e+00,   1.706857e+01
  1.945000e+04,   6.586481e+00,   4.801648e+02,   3.855699e+01,   5.225593e-03,   8.711742e+00,   1.707994e+01
  1.950000e+04,   6.588340e+00,   4.809337e+02,   3.862803e+01,   5.228184e-03,   8.719896e+00,   1.709129e+01
  1.955000e+04,   6.590200e+00,   4.817030e+02,   3.869910e+01,   5.230770e-03,   8.728049e+00,   1.710264e+01
  1.960000e+04,   6.592061e+00,   4.824726e+02,   3.877022e+01,   5.233351e-03,   8.736202e+00,   1.711398e+01
  1.965000e+04,   6.593923e+00,   4.832425e+02,   3.884137e+01,   5.235926e-03,   8.744353e+00,   1.712531e+01
  1.970000e+04,   6.595785e+00,   4.840128e+02,   3.891257e+01,   5.238495e-03,   8.752504e+00,   1.713663e+01
  1.975000e+04,   6.597649e+00,   4.847833e+02,   3.898380e+01,   5.241059e-03,   8.760653e+00,   1.714795e+01
  1.980000e+04,   6.599513e+00,   4.855542e+02,   3.905508e+01,   5.243618e-03,   8.768801e+00,   1.715926e+01
  1.985000e+04,   6.601357e+00,   4.863237e+02,   3.912637e+01,   5.246174e-03,   8.776919e+00,   1.717055e+01
  1.990000e+04,   6.603195e+00,   4.870929e+02,   3.919769e+01,   5.248725e-03,   8.785026e+00,   1.718184e+01
  1.995000e+04,   6.605034e+00,   4.878623e+02,   3.926905e+01,   5.251271e-03,   8.793132e+00,   1.719312e+01
  2.000000e+04,   6.606874e+00,   4.886321e+02,   3.934044e+01,   5.253812e-03,   8.801237e+00,   1.720439e+01
  2.084602e+04,   6.638021e+00,   5.016887e+02,   4.055341e+01,   5.295995e-03,   8.938003e+00,   1.739381e+01
  2.172783e+04,   6.670159e+00,   5.153206e+02,   4.182574e+01,   5.338434e-03,   9.079244e+00,   1.758850e+01
  2.264693e+04,   6.703245e+00,   5.295335e+02,   4.315844e+01,   5.381082e-03,   9.224861e+00,   1.778830e+01
  2.360492e+04,   6.737240e+00,   5.443348e+02,   4.455268e+01,   5.423900e-03,   9.374776e+00,   1.799311e+01
  2.460343e+04,   6.772109e+00,   5.597326e+02,   4.600971e+01,   5.466848e-03,   9.528919e+00,   1.820279e+01
  2.564418e+04,   6.807821e+00,   5.757366e+02,   4.753090e+01,   5.509896e-03,   9.687231e+00,   1.841727e+01
  2.672895e+04,   6.844350e+00,   5.923573e+02,   4.911772e+01,   5.553013e-03,   9.849666e+00,   1.863645e+01
  2.785961e+04,   6.881670e+00,   6.096065e+02,   5.077179e+01,   5.596175e-03,   1.001619e+01,   1.886028e+01
  2.903810e+04,   6.919760e+00,   6.274970e+02,   5.249479e+01,   5.639358e-03,   1.018677e+01,   1.908870e+01
  3.026644e+04,   6.958601e+00,   6.460425e+02,   5.428854e+01,   5.682542e-03,   1.036138e+01,   1.932166e+01
  3.154674e+04,   6.998149e+00,   6.652553e+02,   5.615489e+01,   5.725712e-03,   1.053998e+01,   1.955912e+01
  3.288120e+04,   7.038351e+00,   6.851476e+02,   5.809579e+01,   5.768855e-03,   1.072251e+01,   1.980106e+01
  3.427210e+04,   7.079250e+00,   7.057409e+02,   6.011342e+01,   5.811949e-03,   1.090905e+01,   2.004747e+01
  3.572184e+04,   7.120834e+00,   7.270530e+02,   6.220999e+01,   5.854982e-03,   1.109959e+01,   2.029833e+01
  3.723291e+04,   7.163070e+00,   7.490999e+02,   6.438776e+01,   5.897943e-03,   1.129411e+01,   2.055363e+01
  3.880790e+04,   7.205876e+00,   7.718940e+02,   6.664899e+01,   5.940829e-03,   1.149254e+01,   2.081337e+01
  4.044951e+04,   7.249330e+00,   7.954634e+02,   6.899630e+01,   5.983620e-03,   1.169501e+01,   2.107758e+01
  4.216056e+04,   7.293421e+00,   8.198288e+02,   7.143227e+01,   6.026305e-03,   1.190153e+01,   2.134625e+01
  4.394399e+04,   7.338017e+00,   8.449993e+02,   7.395934e+01,   6.068892e-03,   1.211195e+01,   2.161939e+01
  4.580287e+04,   7.383231e+00,   8.710095e+02,   7.658050e+01,   6.111356e-03,   1.232646e+01,   2.189704e+01
  4.774037e+04,   7.429014e+00,   8.978782e+02,   7.929850e+01,   6.153695e-03,   1.254505e+01,   2.217921e+01
  4.975983e+04,   7.475300e+00,   9.256232e+02,   8.211618e+01,   6.195909e-03,   1.276765e+01,   2.246593e+01
  5.186472e+04,   7.522177e+00,   9.542794e+02,   8.503678e+01,   6.237980e-03,   1.299442e+01,   2.275724e+01
  5.405865e+04,   7.569512e+00,   9.838588e+02,   8.806316e+01,   6.279914e-03,   1.322524e+01,   2.305315e+01
  5.634538e+04,   7.617398e+00,   1.014398e+03,   9.119876e+01,   6.321695e-03,   1.346026e+01,   2.335372e+01
  5.872885e+04,   7.665756e+00,   1.045917e+03,   9.444674e+01,   6.363325e-03,   1.369942e+01,   2.365898e+01
  6.121313e+04,   7.714607e+00,   1.078447e+03,   9.781059e+01,   6.404794e-03,   1.394281e+01,   2.396897e+01
  6.380250e+04,   7.763922e+00,   1.112013e+03,   1.012938e+02,   6.446099e-03,   1.419043e+01,   2.428373e+01
  6.650141e+04,   7.813696e+00,   1.146647e+03,   1.048999e+02,   6.487235e-03,   1.444232e+01,   2.460331e+01
  6.931448e+04,   7.863906e+00,   1.182375e+03,   1.086327e+02,   6.528198e-03,   1.469851e+01,   2.492776e+01
  7.224655e+04,   7.914557e+00,   1.219233e+03,   1.124959e+02,   6.568981e-03,   1.495904e+01,   2.525712e+01
  7.530265e+04,   7.965601e+00,   1.257246e+03,   1.164935e+02,   6.609585e-03,   1.522392e+01,   2.559144e+01
  7.848802e+04,   8.017081e+00,   1.296454e+03,   1.206295e+02,   6.649997e-03,   1.549324e+01,   2.593079e+01
  8.180814e+04,   8.068897e+00,   1.336880e+03,   1.249079e+02,   6.690224e-03,   1.576694e+01,   2.627520e+01
  8.526870e+04,   8.121133e+00,   1.378570e+03,   1.293332e+02,   6.730251e-03,   1.604518e+01,   2.662474e+01
  8.887565e+04,   8.173680e+00,   1.421549e+03,   1.339093e+02,   6.770084e-03,   1.632787e+01,   2.697947e+01
  9.263518e+04,   8.226589e+00,   1.465860e+03,   1.386411e+02,   6.809713e-03,   1.661514e+01,   2.733944e+01
  9.655373e+04,   8.279832e+00,   1.511540e+03,   1.435329e+02,   6.849134e-03,   1.690702e+01,   2.770471e+01
  1.006380e+05,   8.333348e+00,   1.558620e+03,   1.485894e+02,   6.888349e-03,   1.720347e+01,   2.807535e+01
  1.048951e+05,   8.387190e+00,   1.607149e+03,   1.538156e+02,   6.927347e-03,   1.750464e+01,   2.845142e+01
  1.093323e+05,   8.441282e+00,   1.657160e+03,   1.592163e+02,   6.966132e-03,   1.781049e+01,   2.883299e+01
  1.139572e+05,   8.495628e+00,   1.708697e+03,   1.647965e+02,   7.004698e-03,   1.812108e+01,   2.922012e+01
  1.187777e+05,   8.550238e+00,   1.761806e+03,   1.705615e+02,   7.043037e-03,   1.843650e+01,   2.961289e+01
  1.238021e+05,   8.605033e+00,   1.816523e+03,   1.765165e+02,   7.081155e-03,   1.875670e+01,   3.001135e+01
  1.290390e+05,   8.660036e+00,   1.872898e+03,   1.826670e+02,   7.119043e-03,   1.908179e+01,   3.041558e+01
  1.344975e+05,   8.715245e+00,   1.930982e+03,   1.890189e+02,   7.156698e-03,   1.941183e+01,   3.082568e+01
  1.401868e+05,   8.770582e+00,   1.990811e+03,   1.955775e+02,   7.194122e-03,   1.974679e+01,   3.124169e+01
  1.461169e+05,   8.826069e+00,   2.052444e+03,   2.023491e+02,   7.231310e-03,   2.008678e+01,   3.166372e+01
  1.522978e+05,   8.881699e+00,   2.115930e+03,   2.093398e+02,   7.268258e-03,   2.043186e+01,   3.209183e+01
  1.587401e+05,   8.937409e+00,   2.181317e+03,   2.165556e+02,   7.304966e-03,   2.078202e+01,   3.252611e+01
  1.654550e+05,   8.993197e+00,   2.248661e+03,   2.240031e+02,   7.341433e-03,   2.113733e+01,   3.296665e+01
  1.724539e+05,   9.049064e+00,   2.318020e+03,   2.316890e+02,   7.377654e-03,   2.149789e+01,   3.341354e+01
  1.797488e+05,   9.104966e+00,   2.389448e+03,   2.396200e+02,   7.413629e-03,   2.186370e+01,   3.386686e+01
  1.873524e+05,   9.160868e+00,   2.463003e+03,   2.478033e+02,   7.449360e-03,   2.223482e+01,   3.432672e+01
  1.952776e+05,   9.216785e+00,   2.538750e+03,   2.562460e+02,   7.484840e-03,   2.261135e+01,   3.479322e+01
  2.035380e+05,   9.272690e+00,   2.616752e+03,   2.649558e+02,   7.520069e-03,   2.299333e+01,   3.526645e+01
  2.121478e+05,   9.328516e+00,   2.697067e+03,   2.739401e+02,   7.555052e-03,   2.338078e+01,   3.574652e+01
  2.211219e+05,   9.384294e+00,   2.779772e+03,   2.832072e+02,   7.589782e-03,   2.377383e+01,   3.623355e+01
  2.304756e+05,   9.440002e+00,   2.864935e+03,   2.927654e+02,   7.624259e-03,   2.417256e+01,   3.672765e+01
  2.402249e+05,   9.495568e+00,   2.952621e+03,   3.026229e+02,   7.658489e-03,   2.457695e+01,   3.722894e+01
  2.503866e+05,   9.551017e+00,   3.042913e+03,   3.127888e+02,   7.692465e-03,   2.498716e+01,   3.773754e+01
  2.609782e+05,   9.606333e+00,   3.135890e+03,   3.232725e+02,   7.726190e-03,   2.540328e+01,   3.825358e+01
  2.720178e+05,   9.661452e+00,   3.231626e+03,   3.340830e+02,   7.759666e-03,   2.582532e+01,   3.877720e+01
  2.835245e+05,   9.716386e+00,   3.330212e+03,   3.452307e+02,   7.792893e-03,   2.625342e+01,   3.930855e+01
  2.955178e+05,   9.771126e+00,   3.431736e+03,   3.567256e+02,   7.825870e-03,   2.668769e+01,   3.984776e+01
  3.080185e+05,   9.825608e+00,   3.536283e+03,   3.685783e+02,   7.858602e-03,   2.712817e+01,   4.039499e+01
  3.210480e+05,   9.879847e+00,   3.643954e+03,   3.808001e+02,   7.891088e-03,   2.757501e+01,   4.095041e+01
  3.346286e+05,   9.933835e+00,   3.754850e+03,   3.934026e+02,   7.923328e-03,   2.802833e+01,   4.151418e+01
  3.487837e+05,   9.987497e+00,   3.869066e+03,   4.063976e+02,   7.955330e-03,   2.848817e+01,   4.208648e+01
  3.635376e+05,   1.003966e+01,   3.986503e+03,   4.197878e+02,   7.987192e-03,   2.895312e+01,   4.266756e+01
  3.789156e+05,   1.009146e+01,   4.107480e+03,   4.335958e+02,   8.018819e-03,   2.942486e+01,   4.325757e+01
  3.949441e+05,   1.014331e+01,   4.232191e+03,   4.478392e+02,   8.050180e-03,   2.990409e+01,   4.385668e+01
  4.116506e+05,   1.019517e+01,   4.360757e+03,   4.625320e+02,   8.081278e-03,   3.039090e+01,   4.446510e+01
  4.290638e+05,   1.024701e+01,   4.493305e+03,   4.776892e+02,   8.112119e-03,   3.088544e+01,   4.508303e+01
  4.472136e+05,   1.029879e+01,   4.629967e+03,   4.933264e+02,   8.142709e-03,   3.138782e+01,   4.571070e+01
  4.661312e+05,   1.035048e+01,   4.770884e+03,   5.094600e+02,   8.173052e-03,   3.189817e+01,   4.634832e+01
  4.858489e+05,   1.040205e+01,   4.916199e+03,   5.261069e+02,   8.203155e-03,   3.241665e+01,   4.699615e+01
  5.064008e+05,   1.045345e+01,   5.066066e+03,   5.432851e+02,   8.233022e-03,   3.294341e+01,   4.765443e+01
  5.278221e+05,   1.050439e+01,   5.220597e+03,   5.610108e+02,   8.262682e-03,   3.347827e+01,   4.832347e+01
  5.501494e+05,   1.055258e+01,   5.379521e+03,   5.792814e+02,   8.292323e-03,   3.401841e+01,   4.900391e+01
  5.734213e+05,   1.060058e+01,   5.543515e+03,   5.981428e+02,   8.321742e-03,   3.456746e+01,   4.969569e+01
  5.976775e+05,   1.064838e+01,   5.712762e+03,   6.176164e+02,   8.350943e-03,   3.512563e+01,   5.039913e+01
  6.229599e+05,   1.069595e+01,   5.887458e+03,   6.377250e+02,   8.379933e-03,   3.569312e+01,   5.111453e+01
  6.493117e+05,   1.074325e+01,   6.067804e+03,   6.584920e+02,   8.408719e-03,   3.627013e+01,   5.184221e+01
  6.767782e+05,   1.079027e+01,   6.254015e+03,   6.799426e+02,   8.437308e-03,   3.685688e+01,   5.258251e+01
  7.054065e+05,   1.083697e+01,   6.446314e+03,   7.021026e+02,   8.465705e-03,   3.745362e+01,   5.333579e+01
  7.352459e+05,   1.088333e+01,   6.644936e+03,   7.249995e+02,   8.493917e-03,   3.806058e+01,   5.410239e+01
  7.663475e+05,   1.092932e+01,   6.850127e+03,   7.486619e+02,   8.521951e-03,   3.867801e+01,   5.488272e+01
  7.987647e+05,   1.097493e+01,   7.062146e+03,   7.731198e+02,   8.549814e-03,   3.930618e+01,   5.567714e+01
  8.325532e+05,   1.101920e+01,   7.281073e+03,   7.983947e+02,   8.577584e-03,   3.994415e+01,   5.648630e+01
  8.677710e+05,   1.106197e+01,   7.507158e+03,   8.245175e+02,   8.605281e-03,   4.059202e+01,   5.731072e+01
  9.044785e+05,   1.110436e+01,   7.740938e+03,   8.515360e+02,   8.632822e-03,   4.125161e+01,   5.815054e+01
  9.427388e+05,   1.114635e+01,   7.982727e+03,   8.794865e+02,   8.660212e-03,   4.192322e+01,   5.900621e+01
  9.826176e+05,   1.118793e+01,   8.232852e+03,   9.084070e+02,   8.687458e-03,   4.260717e+01,   5.987818e+01
  1.024183e+06,   1.122908e+01,   8.491652e+03,   9.383372e+02,   8.714566e-03,   4.330380e+01,   6.076693e+01
  1.067507e+06,   1.126977e+01,   8.759493e+03,   9.693192e+02,   8.741543e-03,   4.401344e+01,   6.167294e+01
  1.112664e+06,   1.131000e+01,   9.036748e+03,   1.001397e+03,   8.768395e-03,   4.473646e+01,   6.259672e+01
  1.159730e+06,   1.134975e+01,   9.323803e+03,   1.034615e+03,   8.795127e-03,   4.547319e+01,   6.353875e+01
  1.208788e+06,   1.138899e+01,   9.621084e+03,   1.069023e+03,   8.821748e-03,   4.622405e+01,   6.449961e+01
  1.259921e+06,   1.142773e+01,   9.929014e+03,   1.104669e+03,   8.848260e-03,   4.698939e+01,   6.547980e+01
  1.313217e+06,   1.146594e+01,   1.024805e+04,   1.141608e+03,   8.874672e-03,   4.776963e+01,   6.647989e+01
  1.368767e+06,   1.150348e+01,   1.057862e+04,   1.179891e+03,   8.900998e-03,   4.856498e+01,   6.750048e+01
  1.426667e+06,   1.153931e+01,   1.092101e+04,   1.219565e+03,   8.927329e-03,   4.937451e+01,   6.854267e+01
  1.487017e+06,   1.157464e+01,   1.127600e+04,   1.260704e+03,   8.953572e-03,   5.020030e+01,   6.960653e+01
  1.549919e+06,   1.160948e+01,   1.164413e+04,   1.303371e+03,   8.979731e-03,   5.104274e+01,   7.069265e+01
  1.615482e+06,   1.164380e+01,   1.202597e+04,   1.347631e+03,   9.005812e-03,   5.190231e+01,   7.180165e+01
  1.683818e+06,   1.167760e+01,   1.242210e+04,   1.393553e+03,   9.031819e-03,   5.277946e+01,   7.293417e+01
  1.755046e+06,   1.171086e+01,   1.283314e+04,   1.441209e+03,   9.057758e-03,   5.367468e+01,   7.409087e+01
  1.829286e+06,   1.174359e+01,   1.325974e+04,   1.490674e+03,   9.083633e-03,   5.458841e+01,   7.527237e+01
  1.906666e+06,   1.177577e+01,   1.370256e+04,   1.542025e+03,   9.109447e-03,   5.552116e+01,   7.647935e+01
  1.987320e+06,   1.180740e+01,   1.416231e+04,   1.595345e+03,   9.135206e-03,   5.647343e+01,   7.771252e+01
  2.071386e+06,   1.183846e+01,   1.463973e+04,   1.650718e+03,   9.160914e-03,   5.744574e+01,   7.897256e+01
  2.159007e+06,   1.186896e+01,   1.513556e+04,   1.708233e+03,   9.186574e-03,   5.843858e+01,   8.026016e+01
  2.250335e+06,   1.189889e+01,   1.565063e+04,   1.767984e+03,   9.212190e-03,   5.945250e+01,   8.157606e+01
  2.345526e+06,   1.192825e+01,   1.618575e+04,   1.830068e+03,   9.237766e-03,   6.048803e+01,   8.292099e+01
  2.444744e+06,   1.195703e+01,   1.674181e+04,   1.894584e+03,   9.263306e-03,   6.154573e+01,   8.429570e+01
  2.548159e+06,   1.198524e+01,   1.731970e+04,   1.961640e+03,   9.288812e-03,   6.262615e+01,   8.570094e+01
  2.655949e+06,   1.201255e+01,   1.792030e+04,   2.031341e+03,   9.314316e-03,   6.372944e+01,   8.713774e+01
  2.768298e+06,   1.203897e+01,   1.854461e+04,   2.103803e+03,   9.339825e-03,   6.485616e+01,   8.860690e+01
  2.885400e+06,   1.206485e+01,   1.919374e+04,   2.179150e+03,   9.365306e-03,   6.600740e+01,   9.010895e+01
  3.007455e+06,   1.209019e+01,   1.986875e+04,   2.257506e+03,   9.390762e-03,   6.718375e+01,   9.164468e+01
  3.134673e+06,   1.211500e+01,   2.057077e+04,   2.339002e+03,   9.416197e-03,   6.838582e+01,   9.321493e+01
  3.267273e+06,   1.213927e+01,   2.130097e+04,   2.423773e+03,   9.441612e-03,   6.961423e+01,   9.482052e+01
  3.405482e+06,   1.216299e+01,   2.206056e+04,   2.511962e+03,   9.467010e-03,   7.086960e+01,   9.646230e+01
  3.549537e+06,   1.218619e+01,   2.285082e+04,   2.603714e+03,   9.492392e-03,   7.215257e+01,   9.814112e+01
  3.699685e+06,   1.220884e+01,   2.367306e+04,   2.699185e+03,   9.517761e-03,   7.346378e+01,   9.985786e+01
  3.856186e+06,   1.223097e+01,   2.452869e+04,   2.798536e+03,   9.543119e-03,   7.480390e+01,   1.016134e+02
  4.019306e+06,   1.225256e+01,   2.541912e+04,   2.901933e+03,   9.568467e-03,   7.617359e+01,   1.034087e+02
  4.189326e+06,   1.227363e+01,   2.634586e+04,   3.009551e+03,   9.593808e-03,   7.757354e+01,   1.052446e+02
  4.366539e+06,   1.229418e+01,   2.731048e+04,   3.121572e+03,   9.619142e-03,   7.900444e+01,   1.071220e+02
  4.551248e+06,   1.231420e+01,   2.831460e+04,   3.238185e+03,   9.644470e-03,   8.046698e+01,   1.090420e+02
  4.743770e+06,   1.233372e+01,   2.935993e+04,   3.359587e+03,   9.669795e-03,   8.196189e+01,   1.110054e+02
  4.944436e+06,   1.235272e+01,   3.044824e+04,   3.485986e+03,   9.695118e-03,   8.348988e+01,   1.130132e+02
  5.153590e+06,   1.237122e+01,   3.158137e+04,   3.617594e+03,   9.720439e-03,   8.505171e+01,   1.150665e+02
  5.371592e+06,   1.238922e+01,   3.276125e+04,   3.754637e+03,   9.745760e-03,   8.664811e+01,   1.171662e+02
  5.598815e+06,   1.240673e+01,   3.398988e+04,   3.897346e+03,   9.771081e-03,   8.827986e+01,   1.193134e+02
  5.835650e+06,   1.242376e+01,   3.526936e+04,   4.045965e+03,   9.796403e-03,   8.994773e+01,   1.215090e+02
  6.082504e+06,   1.244030e+01,   3.660187e+04,   4.200749e+03,   9.821728e-03,   9.165251e+01,   1.237542e+02
  6.339800e+06,   1.245638e+01,   3.798967e+04,   4.361959e+03,   9.847055e-03,   9.339500e+01,   1.260500e+02
  6.607979e+06,   1.247199e+01,   3.943514e+04,   4.529871e+03,   9.872386e-03,   9.517602e+01,   1.283976e+02
  6.887503e+06,   1.248715e+01,   4.094073e+04,   4.704773e+03,   9.897721e-03,   9.699641e+01,   1.307980e+02
  7.178851e+06,   1.250184e+01,   4.250903e+04,   4.886962e+03,   9.923064e-03,   9.885698e+01,   1.332523e+02
  7.482523e+06,   1.251595e+01,   4.414268e+04,   5.076751e+03,   9.948433e-03,   1.007584e+02,   1.357621e+02
  7.799041e+06,   1.252965e+01,   4.584451e+04,   5.274465e+03,   9.973806e-03,   1.027018e+02,   1.383281e+02
  8.128948e+06,   1.254294e+01,   4.761743e+04,   5.480440e+03,   9.999184e-03,   1.046881e+02,   1.409516e+02
  8.472810e+06,   1.255582e+01,   4.946447e+04,   5.695029e+03,   1.002457e-02,   1.067181e+02,   1.436337e+02
  8.831218e+06,   1.256831e+01,   5.138879e+04,   5.918601e+03,   1.004996e-02,   1.087928e+02,   1.463758e+02
  9.204787e+06,   1.258042e+01,   5.339368e+04,   6.151536e+03,   1.007535e-02,   1.109132e+02,   1.491790e+02
  9.594158e+06,   1.259215e+01,   5.548257e+04,   6.394235e+03,   1.010075e-02,   1.130801e+02,   1.520447e+02
