Hugoniot 
Temperature Density   Pressure   IntEnergy  SpEntropy   Part. Vel.  Shock Vel. 
K ,          g/cm3   ,   GPa   ,     MJ/kg  , MJ/K/kg ,   km/s ,    km/s
  4.500000e+02,   3.220000e+00,   1.000000e-04,   2.238364e-01,   7.334472e-04,   0.000000e+00,   2.428856e-03
  5.000000e+02,   3.950929e+00,   3.562106e+01,   1.247409e+00,   6.672496e-04,   1.430582e+00,   7.732801e+00
  5.500000e+02,   4.046557e+00,   4.093280e+01,   1.522478e+00,   7.556409e-04,   1.611391e+00,   7.888850e+00
  6.000000e+02,   4.124113e+00,   4.550611e+01,   1.772935e+00,   8.426842e-04,   1.760162e+00,   8.028979e+00
  6.500000e+02,   4.190311e+00,   4.961790e+01,   2.007933e+00,   9.273663e-04,   1.888962e+00,   8.157524e+00
  7.000000e+02,   4.248701e+00,   5.341323e+01,   2.232258e+00,   1.009230e-03,   2.004069e+00,   8.277125e+00
  7.500000e+02,   4.301550e+00,   5.698466e+01,   2.449010e+00,   1.088056e-03,   2.109413e+00,   8.389572e+00
  8.000000e+02,   4.350086e+00,   6.038130e+01,   2.659780e+00,   1.163842e-03,   2.207139e+00,   8.496031e+00
  8.500000e+02,   4.394851e+00,   6.362283e+01,   2.865067e+00,   1.236732e-03,   2.298252e+00,   8.597236e+00
  9.000000e+02,   4.436518e+00,   6.673589e+01,   3.065735e+00,   1.306822e-03,   2.383908e+00,   8.693875e+00
  9.500000e+02,   4.475688e+00,   6.974493e+01,   3.262618e+00,   1.374209e-03,   2.465126e+00,   8.786524e+00
  1.000000e+03,   4.512635e+00,   7.266001e+01,   3.455996e+00,   1.439051e-03,   2.542391e+00,   8.875579e+00
  1.050000e+03,   4.547599e+00,   7.549021e+01,   3.646138e+00,   1.501496e-03,   2.616131e+00,   8.961377e+00
  1.100000e+03,   4.580795e+00,   7.824378e+01,   3.833298e+00,   1.561683e-03,   2.686721e+00,   9.044213e+00
  1.150000e+03,   4.612413e+00,   8.092812e+01,   4.017716e+00,   1.619744e-03,   2.754492e+00,   9.124343e+00
  1.200000e+03,   4.642622e+00,   8.354994e+01,   4.199615e+00,   1.675797e-03,   2.819733e+00,   9.201991e+00
  1.250000e+03,   4.671570e+00,   8.611524e+01,   4.379202e+00,   1.729956e-03,   2.882699e+00,   9.277357e+00
  1.300000e+03,   4.699390e+00,   8.862944e+01,   4.556670e+00,   1.782324e-03,   2.943618e+00,   9.350616e+00
  1.350000e+03,   4.726200e+00,   9.109744e+01,   4.732195e+00,   1.832997e-03,   3.002688e+00,   9.421925e+00
  1.400000e+03,   4.752104e+00,   9.352364e+01,   4.905942e+00,   1.882065e-03,   3.060087e+00,   9.491424e+00
  1.450000e+03,   4.776902e+00,   9.589770e+01,   5.077419e+00,   1.929686e-03,   3.115541e+00,   9.559132e+00
  1.500000e+03,   4.800930e+00,   9.823537e+01,   5.247304e+00,   1.975872e-03,   3.169563e+00,   9.625253e+00
  1.550000e+03,   4.824292e+00,   1.005414e+02,   5.415789e+00,   2.020688e-03,   3.222324e+00,   9.689901e+00
  1.600000e+03,   4.846925e+00,   1.028123e+02,   5.582706e+00,   2.064234e-03,   3.273747e+00,   9.753124e+00
  1.650000e+03,   4.868755e+00,   1.050440e+02,   5.747846e+00,   2.106606e-03,   3.323736e+00,   9.814957e+00
  1.700000e+03,   4.890103e+00,   1.072522e+02,   5.911910e+00,   2.147794e-03,   3.372776e+00,   9.875571e+00
  1.750000e+03,   4.910823e+00,   1.094292e+02,   6.074542e+00,   2.187902e-03,   3.420664e+00,   9.934969e+00
  1.800000e+03,   4.930917e+00,   1.115750e+02,   6.235723e+00,   2.226991e-03,   3.467416e+00,   9.993201e+00
  1.850000e+03,   4.950675e+00,   1.137038e+02,   6.396100e+00,   2.265046e-03,   3.513459e+00,   1.005041e+01
  1.900000e+03,   4.969700e+00,   1.157956e+02,   6.554744e+00,   2.302219e-03,   3.558236e+00,   1.010651e+01
  1.950000e+03,   4.988428e+00,   1.178721e+02,   6.712643e+00,   2.338452e-03,   3.602378e+00,   1.016168e+01
  2.000000e+03,   5.006636e+00,   1.199219e+02,   6.869273e+00,   2.373847e-03,   3.645576e+00,   1.021589e+01
  2.050000e+03,   5.024452e+00,   1.219513e+02,   7.024915e+00,   2.408414e-03,   3.688022e+00,   1.026921e+01
  2.100000e+03,   5.041891e+00,   1.239611e+02,   7.179598e+00,   2.442192e-03,   3.729744e+00,   1.032167e+01
  2.150000e+03,   5.058900e+00,   1.259483e+02,   7.333187e+00,   2.475232e-03,   3.770675e+00,   1.037330e+01
  2.200000e+03,   5.075615e+00,   1.279199e+02,   7.485996e+00,   2.507535e-03,   3.811014e+00,   1.042416e+01
  2.250000e+03,   5.091913e+00,   1.298693e+02,   7.637722e+00,   2.539166e-03,   3.850592e+00,   1.047425e+01
  2.300000e+03,   5.107947e+00,   1.318045e+02,   7.788729e+00,   2.570119e-03,   3.889634e+00,   1.052362e+01
  2.350000e+03,   5.123616e+00,   1.337201e+02,   7.938766e+00,   2.600448e-03,   3.928002e+00,   1.057228e+01
  2.400000e+03,   5.139008e+00,   1.356207e+02,   8.088042e+00,   2.630159e-03,   3.965826e+00,   1.062028e+01
  2.450000e+03,   5.154124e+00,   1.375061e+02,   8.236551e+00,   2.659280e-03,   4.003111e+00,   1.066764e+01
  2.500000e+03,   5.168912e+00,   1.393737e+02,   8.384167e+00,   2.687848e-03,   4.039790e+00,   1.071435e+01
  2.550000e+03,   5.183540e+00,   1.412322e+02,   8.531297e+00,   2.715844e-03,   4.076105e+00,   1.076049e+01
  2.600000e+03,   5.197757e+00,   1.430684e+02,   8.677320e+00,   2.743355e-03,   4.111708e+00,   1.080601e+01
  2.650000e+03,   5.211909e+00,   1.449004e+02,   8.823087e+00,   2.770314e-03,   4.147086e+00,   1.085101e+01
  2.700000e+03,   5.225637e+00,   1.467092e+02,   8.967703e+00,   2.796832e-03,   4.181742e+00,   1.089542e+01
  2.750000e+03,   5.239255e+00,   1.485115e+02,   9.111950e+00,   2.822849e-03,   4.216117e+00,   1.093934e+01
  2.800000e+03,   5.252634e+00,   1.503003e+02,   9.255506e+00,   2.848416e-03,   4.250039e+00,   1.098274e+01
  2.850000e+03,   5.265747e+00,   1.520742e+02,   9.398297e+00,   2.873556e-03,   4.283469e+00,   1.102564e+01
  2.900000e+03,   5.278801e+00,   1.538443e+02,   9.540847e+00,   2.898236e-03,   4.316702e+00,   1.106810e+01
  2.950000e+03,   5.291458e+00,   1.555923e+02,   9.682299e+00,   2.922553e-03,   4.349271e+00,   1.111004e+01
  3.000000e+03,   5.304038e+00,   1.573355e+02,   9.823463e+00,   2.946444e-03,   4.381621e+00,   1.115156e+01
  3.050000e+03,   5.316456e+00,   1.590692e+02,   9.964120e+00,   2.969945e-03,   4.413639e+00,   1.119266e+01
  3.100000e+03,   5.328588e+00,   1.607868e+02,   1.010395e+01,   2.993099e-03,   4.445155e+00,   1.123330e+01
  3.150000e+03,   5.340667e+00,   1.625008e+02,   1.024357e+01,   3.015861e-03,   4.476497e+00,   1.127356e+01
  3.200000e+03,   5.352507e+00,   1.642012e+02,   1.038247e+01,   3.038290e-03,   4.507406e+00,   1.131341e+01
  3.250000e+03,   5.364165e+00,   1.658909e+02,   1.052082e+01,   3.060384e-03,   4.537966e+00,   1.135286e+01
  3.300000e+03,   5.375774e+00,   1.675773e+02,   1.065895e+01,   3.082121e-03,   4.568364e+00,   1.139196e+01
  3.350000e+03,   5.387107e+00,   1.692480e+02,   1.079628e+01,   3.103568e-03,   4.598287e+00,   1.143066e+01
  3.400000e+03,   5.398319e+00,   1.709114e+02,   1.093321e+01,   3.124697e-03,   4.627952e+00,   1.146901e+01
  3.450000e+03,   5.409486e+00,   1.725717e+02,   1.106995e+01,   3.145500e-03,   4.657467e+00,   1.150704e+01
  3.500000e+03,   5.420377e+00,   1.742161e+02,   1.120587e+01,   3.166042e-03,   4.686514e+00,   1.154469e+01
  3.550000e+03,   5.431169e+00,   1.758545e+02,   1.134146e+01,   3.186290e-03,   4.715340e+00,   1.158202e+01
  3.600000e+03,   5.441918e+00,   1.774899e+02,   1.147685e+01,   3.206237e-03,   4.744022e+00,   1.161905e+01
  3.650000e+03,   5.452424e+00,   1.791111e+02,   1.161152e+01,   3.225942e-03,   4.772289e+00,   1.165574e+01
  3.700000e+03,   5.462820e+00,   1.807257e+02,   1.174582e+01,   3.245381e-03,   4.800325e+00,   1.169212e+01
  3.750000e+03,   5.473175e+00,   1.823375e+02,   1.187993e+01,   3.264543e-03,   4.828227e+00,   1.172822e+01
  3.800000e+03,   5.483347e+00,   1.839384e+02,   1.201348e+01,   3.283472e-03,   4.855800e+00,   1.176401e+01
  3.850000e+03,   5.493369e+00,   1.855304e+02,   1.214656e+01,   3.302166e-03,   4.883094e+00,   1.179951e+01
  3.900000e+03,   5.503353e+00,   1.871197e+02,   1.227946e+01,   3.320605e-03,   4.910261e+00,   1.183474e+01
  3.950000e+03,   5.513236e+00,   1.887028e+02,   1.241202e+01,   3.338810e-03,   4.937217e+00,   1.186971e+01
  4.000000e+03,   5.522905e+00,   1.902733e+02,   1.254394e+01,   3.356817e-03,   4.963810e+00,   1.190438e+01
  4.050000e+03,   5.532538e+00,   1.918413e+02,   1.267568e+01,   3.374587e-03,   4.990284e+00,   1.193880e+01
  4.100000e+03,   5.542135e+00,   1.934068e+02,   1.280727e+01,   3.392127e-03,   5.016641e+00,   1.197299e+01
  4.150000e+03,   5.551507e+00,   1.949590e+02,   1.293817e+01,   3.409488e-03,   5.042623e+00,   1.200689e+01
  4.200000e+03,   5.560808e+00,   1.965067e+02,   1.306882e+01,   3.426638e-03,   5.068443e+00,   1.204056e+01
  4.250000e+03,   5.570076e+00,   1.980520e+02,   1.319931e+01,   3.443574e-03,   5.094152e+00,   1.207400e+01
  4.300000e+03,   5.579249e+00,   1.995914e+02,   1.332947e+01,   3.460315e-03,   5.119669e+00,   1.210720e+01
  4.350000e+03,   5.588236e+00,   2.011198e+02,   1.345907e+01,   3.476890e-03,   5.144870e+00,   1.214016e+01
  4.400000e+03,   5.597191e+00,   2.026459e+02,   1.358852e+01,   3.493264e-03,   5.169967e+00,   1.217289e+01
  4.450000e+03,   5.606114e+00,   2.041697e+02,   1.371782e+01,   3.509443e-03,   5.194961e+00,   1.220543e+01
  4.500000e+03,   5.614885e+00,   2.056843e+02,   1.384664e+01,   3.525460e-03,   5.219687e+00,   1.223772e+01
  4.550000e+03,   5.623544e+00,   2.071921e+02,   1.397509e+01,   3.541311e-03,   5.244204e+00,   1.226980e+01
  4.600000e+03,   5.632173e+00,   2.086978e+02,   1.410340e+01,   3.556978e-03,   5.268623e+00,   1.230169e+01
  4.650000e+03,   5.640773e+00,   2.102013e+02,   1.423157e+01,   3.572467e-03,   5.292945e+00,   1.233338e+01
  4.700000e+03,   5.649194e+00,   2.116941e+02,   1.435920e+01,   3.587817e-03,   5.316970e+00,   1.236484e+01
  4.750000e+03,   5.657544e+00,   2.131824e+02,   1.448656e+01,   3.603007e-03,   5.340843e+00,   1.239611e+01
  4.800000e+03,   5.666258e+00,   2.147406e+02,   1.461992e+01,   3.618758e-03,   5.365769e+00,   1.242871e+01
  4.850000e+03,   5.702330e+00,   2.213970e+02,   1.518930e+01,   3.686288e-03,   5.470933e+00,   1.256766e+01
  4.900000e+03,   5.755991e+00,   2.315726e+02,   1.606637e+01,   3.790275e-03,   5.628976e+00,   1.277620e+01
  4.950000e+03,   5.810172e+00,   2.421454e+02,   1.698595e+01,   3.899033e-03,   5.790017e+00,   1.298794e+01
  5.000000e+03,   5.842399e+00,   2.485796e+02,   1.754947e+01,   3.965578e-03,   5.886518e+00,   1.311448e+01
  5.050000e+03,   5.848725e+00,   2.498727e+02,   1.766296e+01,   3.978951e-03,   5.905727e+00,   1.313982e+01
  5.100000e+03,   5.854952e+00,   2.511480e+02,   1.777490e+01,   3.992018e-03,   5.924634e+00,   1.316474e+01
  5.150000e+03,   5.861165e+00,   2.524227e+02,   1.788682e+01,   4.004958e-03,   5.943496e+00,   1.318956e+01
  5.200000e+03,   5.867365e+00,   2.536968e+02,   1.799870e+01,   4.017773e-03,   5.962314e+00,   1.321430e+01
  5.250000e+03,   5.873550e+00,   2.549702e+02,   1.811056e+01,   4.030467e-03,   5.981086e+00,   1.323895e+01
  5.300000e+03,   5.879599e+00,   2.562351e+02,   1.822196e+01,   4.043069e-03,   5.999645e+00,   1.326347e+01
  5.350000e+03,   5.885630e+00,   2.574991e+02,   1.833333e+01,   4.055555e-03,   6.018154e+00,   1.328790e+01
  5.400000e+03,   5.891648e+00,   2.587625e+02,   1.844466e+01,   4.067925e-03,   6.036620e+00,   1.331225e+01
  5.450000e+03,   5.897653e+00,   2.600252e+02,   1.855596e+01,   4.080182e-03,   6.055043e+00,   1.333651e+01
  5.500000e+03,   5.903644e+00,   2.612873e+02,   1.866723e+01,   4.092327e-03,   6.073423e+00,   1.336069e+01
  5.550000e+03,   5.909565e+00,   2.625451e+02,   1.877827e+01,   4.104376e-03,   6.091682e+00,   1.338476e+01
  5.600000e+03,   5.915409e+00,   2.637982e+02,   1.888907e+01,   4.116332e-03,   6.109811e+00,   1.340874e+01
  5.650000e+03,   5.921240e+00,   2.650506e+02,   1.899984e+01,   4.128182e-03,   6.127900e+00,   1.343263e+01
  5.700000e+03,   5.927059e+00,   2.663025e+02,   1.911058e+01,   4.139928e-03,   6.145947e+00,   1.345645e+01
  5.750000e+03,   5.932865e+00,   2.675537e+02,   1.922129e+01,   4.151572e-03,   6.163953e+00,   1.348018e+01
  5.800000e+03,   5.938658e+00,   2.688044e+02,   1.933196e+01,   4.163115e-03,   6.181918e+00,   1.350383e+01
  5.850000e+03,   5.944346e+00,   2.700484e+02,   1.944230e+01,   4.174580e-03,   6.199717e+00,   1.352738e+01
  5.900000e+03,   5.950000e+00,   2.712904e+02,   1.955252e+01,   4.185953e-03,   6.217446e+00,   1.355084e+01
  5.950000e+03,   5.955641e+00,   2.725317e+02,   1.966272e+01,   4.197231e-03,   6.235134e+00,   1.357423e+01
  6.000000e+03,   5.961270e+00,   2.737725e+02,   1.977289e+01,   4.208414e-03,   6.252784e+00,   1.359754e+01
  6.050000e+03,   5.966887e+00,   2.750127e+02,   1.988302e+01,   4.219504e-03,   6.270395e+00,   1.362078e+01
  6.100000e+03,   5.972492e+00,   2.762523e+02,   1.999313e+01,   4.230504e-03,   6.287967e+00,   1.364394e+01
  6.150000e+03,   5.977982e+00,   2.774846e+02,   2.010285e+01,   4.241437e-03,   6.305360e+00,   1.366700e+01
  6.200000e+03,   5.983454e+00,   2.787160e+02,   2.021253e+01,   4.252283e-03,   6.322707e+00,   1.368998e+01
  6.250000e+03,   5.988914e+00,   2.799467e+02,   2.032217e+01,   4.263041e-03,   6.340016e+00,   1.371289e+01
  6.300000e+03,   5.994363e+00,   2.811769e+02,   2.043179e+01,   4.273715e-03,   6.357288e+00,   1.373573e+01
  6.350000e+03,   5.999800e+00,   2.824065e+02,   2.054138e+01,   4.284303e-03,   6.374523e+00,   1.375849e+01
  6.400000e+03,   6.005226e+00,   2.836355e+02,   2.065093e+01,   4.294809e-03,   6.391721e+00,   1.378119e+01
  6.450000e+03,   6.010548e+00,   2.848579e+02,   2.076014e+01,   4.305254e-03,   6.408757e+00,   1.380379e+01
  6.500000e+03,   6.015847e+00,   2.860790e+02,   2.086929e+01,   4.315620e-03,   6.425742e+00,   1.382632e+01
  6.550000e+03,   6.021135e+00,   2.872995e+02,   2.097840e+01,   4.325907e-03,   6.442690e+00,   1.384878e+01
  6.600000e+03,   6.026412e+00,   2.885195e+02,   2.108749e+01,   4.336116e-03,   6.459604e+00,   1.387117e+01
  6.650000e+03,   6.031678e+00,   2.897389e+02,   2.119654e+01,   4.346247e-03,   6.476481e+00,   1.389350e+01
  6.700000e+03,   6.036933e+00,   2.909578e+02,   2.130557e+01,   4.356302e-03,   6.493324e+00,   1.391576e+01
  6.750000e+03,   6.042114e+00,   2.921719e+02,   2.141435e+01,   4.366297e-03,   6.510046e+00,   1.393793e+01
  6.800000e+03,   6.047248e+00,   2.933832e+02,   2.152298e+01,   4.376225e-03,   6.526685e+00,   1.396004e+01
  6.850000e+03,   6.052372e+00,   2.945939e+02,   2.163159e+01,   4.386081e-03,   6.543291e+00,   1.398207e+01
  6.900000e+03,   6.057486e+00,   2.958041e+02,   2.174017e+01,   4.395864e-03,   6.559863e+00,   1.400404e+01
  6.950000e+03,   6.062588e+00,   2.970138e+02,   2.184871e+01,   4.405577e-03,   6.576400e+00,   1.402595e+01
  7.000000e+03,   6.067681e+00,   2.982229e+02,   2.195723e+01,   4.415220e-03,   6.592905e+00,   1.404780e+01
  7.050000e+03,   6.072746e+00,   2.994304e+02,   2.206567e+01,   4.424798e-03,   6.609352e+00,   1.406957e+01
  7.100000e+03,   6.077723e+00,   3.006322e+02,   2.217381e+01,   4.434325e-03,   6.625664e+00,   1.409127e+01
  7.150000e+03,   6.082690e+00,   3.018336e+02,   2.228192e+01,   4.443784e-03,   6.641942e+00,   1.411291e+01
  7.200000e+03,   6.087648e+00,   3.030344e+02,   2.239001e+01,   4.453178e-03,   6.658189e+00,   1.413448e+01
  7.250000e+03,   6.092595e+00,   3.042347e+02,   2.249807e+01,   4.462506e-03,   6.674403e+00,   1.415599e+01
  7.300000e+03,   6.097532e+00,   3.054345e+02,   2.260611e+01,   4.471770e-03,   6.690585e+00,   1.417745e+01
  7.350000e+03,   6.102459e+00,   3.066338e+02,   2.271411e+01,   4.480969e-03,   6.706735e+00,   1.419884e+01
  7.400000e+03,   6.107331e+00,   3.078295e+02,   2.282193e+01,   4.490117e-03,   6.722792e+00,   1.422016e+01
  7.450000e+03,   6.112149e+00,   3.090218e+02,   2.292958e+01,   4.499212e-03,   6.738759e+00,   1.424142e+01
  7.500000e+03,   6.116957e+00,   3.102137e+02,   2.303720e+01,   4.508246e-03,   6.754695e+00,   1.426261e+01
  7.550000e+03,   6.121756e+00,   3.114050e+02,   2.314480e+01,   4.517219e-03,   6.770601e+00,   1.428375e+01
  7.600000e+03,   6.126546e+00,   3.125959e+02,   2.325236e+01,   4.526133e-03,   6.786476e+00,   1.430484e+01
  7.650000e+03,   6.131325e+00,   3.137862e+02,   2.335991e+01,   4.534988e-03,   6.802321e+00,   1.432586e+01
  7.700000e+03,   6.136096e+00,   3.149761e+02,   2.346742e+01,   4.543784e-03,   6.818135e+00,   1.434683e+01
  7.750000e+03,   6.140803e+00,   3.161619e+02,   2.357473e+01,   4.552535e-03,   6.833848e+00,   1.436773e+01
  7.800000e+03,   6.145470e+00,   3.173451e+02,   2.368190e+01,   4.561237e-03,   6.849489e+00,   1.438857e+01
  7.850000e+03,   6.150127e+00,   3.185279e+02,   2.378905e+01,   4.569882e-03,   6.865101e+00,   1.440936e+01
  7.900000e+03,   6.154775e+00,   3.197102e+02,   2.389618e+01,   4.578472e-03,   6.880683e+00,   1.443009e+01
  7.950000e+03,   6.159414e+00,   3.208920e+02,   2.400327e+01,   4.587007e-03,   6.896236e+00,   1.445076e+01
  8.000000e+03,   6.164045e+00,   3.220734e+02,   2.411035e+01,   4.595488e-03,   6.911761e+00,   1.447138e+01
  8.050000e+03,   6.168666e+00,   3.232542e+02,   2.421740e+01,   4.603916e-03,   6.927257e+00,   1.449195e+01
  8.100000e+03,   6.173236e+00,   3.244318e+02,   2.432428e+01,   4.612301e-03,   6.942667e+00,   1.451246e+01
  8.150000e+03,   6.177758e+00,   3.256064e+02,   2.443100e+01,   4.620642e-03,   6.957998e+00,   1.453291e+01
  8.200000e+03,   6.182272e+00,   3.267805e+02,   2.453770e+01,   4.628931e-03,   6.973301e+00,   1.455331e+01
  8.250000e+03,   6.186776e+00,   3.279541e+02,   2.464438e+01,   4.637169e-03,   6.988577e+00,   1.457365e+01
  8.300000e+03,   6.191273e+00,   3.291273e+02,   2.475103e+01,   4.645357e-03,   7.003825e+00,   1.459394e+01
  8.350000e+03,   6.195761e+00,   3.303001e+02,   2.485766e+01,   4.653496e-03,   7.019045e+00,   1.461419e+01
  8.400000e+03,   6.200240e+00,   3.314724e+02,   2.496427e+01,   4.661585e-03,   7.034238e+00,   1.463438e+01
  8.450000e+03,   6.204696e+00,   3.326433e+02,   2.507081e+01,   4.669628e-03,   7.049385e+00,   1.465452e+01
  8.500000e+03,   6.209081e+00,   3.338096e+02,   2.517710e+01,   4.677638e-03,   7.064421e+00,   1.467460e+01
  8.550000e+03,   6.213458e+00,   3.349754e+02,   2.528338e+01,   4.685600e-03,   7.079431e+00,   1.469463e+01
  8.600000e+03,   6.217827e+00,   3.361409e+02,   2.538963e+01,   4.693515e-03,   7.094415e+00,   1.471461e+01
  8.650000e+03,   6.222187e+00,   3.373059e+02,   2.549586e+01,   4.701384e-03,   7.109373e+00,   1.473454e+01
  8.700000e+03,   6.226539e+00,   3.384704e+02,   2.560207e+01,   4.709207e-03,   7.124304e+00,   1.475443e+01
  8.750000e+03,   6.230883e+00,   3.396346e+02,   2.570826e+01,   4.716984e-03,   7.139209e+00,   1.477426e+01
  8.800000e+03,   6.235219e+00,   3.407984e+02,   2.581443e+01,   4.724716e-03,   7.154089e+00,   1.479405e+01
  8.850000e+03,   6.239502e+00,   3.419586e+02,   2.592042e+01,   4.732414e-03,   7.168883e+00,   1.481379e+01
  8.900000e+03,   6.243749e+00,   3.431166e+02,   2.602629e+01,   4.740074e-03,   7.183614e+00,   1.483347e+01
  8.950000e+03,   6.247988e+00,   3.442742e+02,   2.613214e+01,   4.747691e-03,   7.198321e+00,   1.485311e+01
  9.000000e+03,   6.252219e+00,   3.454314e+02,   2.623798e+01,   4.755265e-03,   7.213002e+00,   1.487270e+01
  9.050000e+03,   6.256442e+00,   3.465882e+02,   2.634379e+01,   4.762796e-03,   7.227659e+00,   1.489224e+01
  9.100000e+03,   6.260657e+00,   3.477446e+02,   2.644958e+01,   4.770285e-03,   7.242291e+00,   1.491174e+01
  9.150000e+03,   6.264865e+00,   3.489006e+02,   2.655536e+01,   4.777732e-03,   7.256898e+00,   1.493120e+01
  9.200000e+03,   6.269065e+00,   3.500562e+02,   2.666111e+01,   4.785138e-03,   7.271481e+00,   1.495061e+01
  9.250000e+03,   6.273202e+00,   3.512077e+02,   2.676665e+01,   4.792516e-03,   7.285966e+00,   1.496997e+01
  9.300000e+03,   6.277317e+00,   3.523578e+02,   2.687213e+01,   4.799857e-03,   7.300408e+00,   1.498928e+01
  9.350000e+03,   6.281425e+00,   3.535075e+02,   2.697759e+01,   4.807157e-03,   7.314827e+00,   1.500855e+01
  9.400000e+03,   6.285525e+00,   3.546569e+02,   2.708303e+01,   4.814418e-03,   7.329222e+00,   1.502777e+01
  9.450000e+03,   6.289618e+00,   3.558059e+02,   2.718845e+01,   4.821640e-03,   7.343594e+00,   1.504695e+01
  9.500000e+03,   6.293704e+00,   3.569546e+02,   2.729385e+01,   4.828823e-03,   7.357942e+00,   1.506609e+01
  9.550000e+03,   6.297782e+00,   3.581029e+02,   2.739924e+01,   4.835968e-03,   7.372267e+00,   1.508519e+01
  9.600000e+03,   6.301854e+00,   3.592508e+02,   2.750460e+01,   4.843075e-03,   7.386569e+00,   1.510425e+01
  9.650000e+03,   6.305868e+00,   3.603950e+02,   2.760978e+01,   4.850155e-03,   7.400783e+00,   1.512325e+01
  9.700000e+03,   6.309859e+00,   3.615377e+02,   2.771489e+01,   4.857203e-03,   7.414951e+00,   1.514221e+01
  9.750000e+03,   6.313842e+00,   3.626801e+02,   2.781998e+01,   4.864213e-03,   7.429097e+00,   1.516113e+01
  9.800000e+03,   6.317819e+00,   3.638221e+02,   2.792505e+01,   4.871187e-03,   7.443221e+00,   1.518001e+01
  9.850000e+03,   6.321788e+00,   3.649637e+02,   2.803010e+01,   4.878124e-03,   7.457323e+00,   1.519885e+01
  9.900000e+03,   6.325751e+00,   3.661051e+02,   2.813514e+01,   4.885026e-03,   7.471402e+00,   1.521765e+01
  9.950000e+03,   6.329706e+00,   3.672461e+02,   2.824017e+01,   4.891893e-03,   7.485460e+00,   1.523641e+01
  1.000000e+04,   6.333655e+00,   3.683867e+02,   2.834518e+01,   4.898724e-03,   7.499495e+00,   1.525513e+01
  1.005000e+04,   6.337570e+00,   3.695252e+02,   2.845007e+01,   4.905527e-03,   7.513473e+00,   1.527381e+01
  1.010000e+04,   6.341442e+00,   3.706609e+02,   2.855483e+01,   4.912304e-03,   7.527382e+00,   1.529244e+01
  1.015000e+04,   6.345307e+00,   3.717962e+02,   2.865958e+01,   4.919047e-03,   7.541270e+00,   1.531103e+01
  1.020000e+04,   6.349165e+00,   3.729312e+02,   2.876431e+01,   4.925756e-03,   7.555137e+00,   1.532959e+01
  1.025000e+04,   6.353018e+00,   3.740659e+02,   2.886903e+01,   4.932431e-03,   7.568982e+00,   1.534810e+01
  1.030000e+04,   6.356863e+00,   3.752003e+02,   2.897373e+01,   4.939074e-03,   7.582807e+00,   1.536658e+01
  1.035000e+04,   6.360702e+00,   3.763345e+02,   2.907842e+01,   4.945684e-03,   7.596610e+00,   1.538502e+01
  1.040000e+04,   6.364534e+00,   3.774683e+02,   2.918309e+01,   4.952261e-03,   7.610393e+00,   1.540343e+01
  1.045000e+04,   6.368360e+00,   3.786017e+02,   2.928775e+01,   4.958806e-03,   7.624155e+00,   1.542179e+01
  1.050000e+04,   6.372129e+00,   3.797314e+02,   2.939222e+01,   4.965331e-03,   7.637829e+00,   1.544012e+01
  1.055000e+04,   6.375881e+00,   3.808601e+02,   2.949665e+01,   4.971827e-03,   7.651472e+00,   1.545840e+01
  1.060000e+04,   6.379628e+00,   3.819885e+02,   2.960106e+01,   4.978291e-03,   7.665094e+00,   1.547665e+01
  1.065000e+04,   6.383369e+00,   3.831167e+02,   2.970546e+01,   4.984724e-03,   7.678696e+00,   1.549486e+01
  1.070000e+04,   6.387103e+00,   3.842446e+02,   2.980985e+01,   4.991126e-03,   7.692279e+00,   1.551303e+01
  1.075000e+04,   6.390831e+00,   3.853722e+02,   2.991423e+01,   4.997498e-03,   7.705841e+00,   1.553117e+01
  1.080000e+04,   6.394553e+00,   3.864995e+02,   3.001860e+01,   5.003840e-03,   7.719384e+00,   1.554928e+01
  1.085000e+04,   6.398269e+00,   3.876265e+02,   3.012295e+01,   5.010152e-03,   7.732907e+00,   1.556735e+01
  1.090000e+04,   6.401978e+00,   3.887532e+02,   3.022729e+01,   5.016435e-03,   7.746410e+00,   1.558538e+01
  1.095000e+04,   6.405624e+00,   3.898757e+02,   3.033142e+01,   5.022701e-03,   7.759820e+00,   1.560338e+01
  1.100000e+04,   6.409264e+00,   3.909979e+02,   3.043555e+01,   5.028939e-03,   7.773210e+00,   1.562133e+01
  1.105000e+04,   6.412898e+00,   3.921199e+02,   3.053966e+01,   5.035147e-03,   7.786581e+00,   1.563926e+01
  1.110000e+04,   6.416526e+00,   3.932416e+02,   3.064376e+01,   5.041327e-03,   7.799933e+00,   1.565715e+01
  1.115000e+04,   6.420149e+00,   3.943631e+02,   3.074785e+01,   5.047478e-03,   7.813267e+00,   1.567500e+01
  1.120000e+04,   6.423766e+00,   3.954843e+02,   3.085193e+01,   5.053602e-03,   7.826582e+00,   1.569282e+01
  1.125000e+04,   6.427377e+00,   3.966052e+02,   3.095600e+01,   5.059697e-03,   7.839878e+00,   1.571061e+01
  1.130000e+04,   6.430982e+00,   3.977259e+02,   3.106006e+01,   5.065765e-03,   7.853156e+00,   1.572837e+01
  1.135000e+04,   6.434581e+00,   3.988463e+02,   3.116412e+01,   5.071806e-03,   7.866415e+00,   1.574609e+01
  1.140000e+04,   6.438126e+00,   3.999631e+02,   3.126799e+01,   5.077831e-03,   7.879592e+00,   1.576377e+01
  1.145000e+04,   6.441659e+00,   4.010792e+02,   3.137183e+01,   5.083831e-03,   7.892744e+00,   1.578142e+01
  1.150000e+04,   6.445187e+00,   4.021951e+02,   3.147567e+01,   5.089803e-03,   7.905877e+00,   1.579904e+01
  1.155000e+04,   6.448709e+00,   4.033107e+02,   3.157950e+01,   5.095750e-03,   7.918993e+00,   1.581663e+01
  1.160000e+04,   6.452225e+00,   4.044262e+02,   3.168332e+01,   5.101670e-03,   7.932091e+00,   1.583418e+01
  1.165000e+04,   6.455736e+00,   4.055414e+02,   3.178713e+01,   5.107564e-03,   7.945171e+00,   1.585170e+01
  1.170000e+04,   6.459242e+00,   4.066563e+02,   3.189093e+01,   5.113433e-03,   7.958234e+00,   1.586919e+01
  1.175000e+04,   6.462742e+00,   4.077711e+02,   3.199473e+01,   5.119276e-03,   7.971279e+00,   1.588665e+01
  1.180000e+04,   6.466237e+00,   4.088856e+02,   3.209852e+01,   5.125093e-03,   7.984307e+00,   1.590408e+01
  1.185000e+04,   6.469700e+00,   4.099980e+02,   3.220221e+01,   5.130892e-03,   7.997283e+00,   1.592148e+01
  1.190000e+04,   6.473132e+00,   4.111084e+02,   3.230580e+01,   5.136672e-03,   8.010208e+00,   1.593884e+01
  1.195000e+04,   6.476558e+00,   4.122186e+02,   3.240939e+01,   5.142427e-03,   8.023117e+00,   1.595617e+01
  1.200000e+04,   6.479979e+00,   4.133286e+02,   3.251297e+01,   5.148157e-03,   8.036008e+00,   1.597347e+01
  1.205000e+04,   6.483395e+00,   4.144384e+02,   3.261654e+01,   5.153864e-03,   8.048883e+00,   1.599073e+01
  1.210000e+04,   6.486806e+00,   4.155480e+02,   3.272011e+01,   5.159546e-03,   8.061741e+00,   1.600797e+01
  1.215000e+04,   6.490212e+00,   4.166574e+02,   3.282367e+01,   5.165204e-03,   8.074582e+00,   1.602518e+01
  1.220000e+04,   6.493613e+00,   4.177665e+02,   3.292723e+01,   5.170839e-03,   8.087407e+00,   1.604236e+01
  1.225000e+04,   6.497008e+00,   4.188755e+02,   3.303078e+01,   5.176450e-03,   8.100215e+00,   1.605952e+01
  1.230000e+04,   6.500398e+00,   4.199843e+02,   3.313432e+01,   5.182038e-03,   8.113007e+00,   1.607664e+01
  1.235000e+04,   6.503742e+00,   4.210899e+02,   3.323772e+01,   5.187613e-03,   8.125728e+00,   1.609373e+01
  1.240000e+04,   6.507072e+00,   4.221948e+02,   3.334108e+01,   5.193166e-03,   8.138423e+00,   1.611078e+01
  1.245000e+04,   6.510398e+00,   4.232995e+02,   3.344444e+01,   5.198697e-03,   8.151102e+00,   1.612781e+01
  1.250000e+04,   6.513718e+00,   4.244040e+02,   3.354779e+01,   5.204205e-03,   8.163764e+00,   1.614481e+01
  1.255000e+04,   6.517034e+00,   4.255083e+02,   3.365114e+01,   5.209690e-03,   8.176411e+00,   1.616178e+01
  1.260000e+04,   6.520344e+00,   4.266124e+02,   3.375448e+01,   5.215154e-03,   8.189042e+00,   1.617873e+01
  1.265000e+04,   6.523650e+00,   4.277164e+02,   3.385782e+01,   5.220595e-03,   8.201658e+00,   1.619564e+01
  1.270000e+04,   6.526951e+00,   4.288201e+02,   3.396116e+01,   5.226015e-03,   8.214257e+00,   1.621253e+01
  1.275000e+04,   6.530247e+00,   4.299237e+02,   3.406449e+01,   5.231413e-03,   8.226842e+00,   1.622939e+01
  1.280000e+04,   6.533539e+00,   4.310272e+02,   3.416782e+01,   5.236789e-03,   8.239410e+00,   1.624623e+01
  1.285000e+04,   6.536784e+00,   4.321275e+02,   3.427100e+01,   5.242154e-03,   8.251910e+00,   1.626303e+01
  1.290000e+04,   6.540018e+00,   4.332272e+02,   3.437416e+01,   5.247498e-03,   8.264386e+00,   1.627980e+01
  1.295000e+04,   6.543248e+00,   4.343267e+02,   3.447731e+01,   5.252822e-03,   8.276848e+00,   1.629655e+01
  1.300000e+04,   6.546473e+00,   4.354261e+02,   3.458046e+01,   5.258125e-03,   8.289294e+00,   1.631327e+01
  1.305000e+04,   6.549693e+00,   4.365253e+02,   3.468361e+01,   5.263407e-03,   8.301725e+00,   1.632996e+01
  1.310000e+04,   6.552909e+00,   4.376244e+02,   3.478676e+01,   5.268669e-03,   8.314142e+00,   1.634663e+01
  1.315000e+04,   6.556120e+00,   4.387233e+02,   3.488990e+01,   5.273910e-03,   8.326543e+00,   1.636327e+01
  1.320000e+04,   6.559326e+00,   4.398221e+02,   3.499304e+01,   5.279131e-03,   8.338930e+00,   1.637988e+01
  1.325000e+04,   6.562528e+00,   4.409207e+02,   3.509618e+01,   5.284332e-03,   8.351302e+00,   1.639647e+01
  1.330000e+04,   6.565726e+00,   4.420191e+02,   3.519932e+01,   5.289513e-03,   8.363660e+00,   1.641303e+01
  1.335000e+04,   6.568891e+00,   4.431155e+02,   3.530236e+01,   5.294681e-03,   8.375967e+00,   1.642956e+01
  1.340000e+04,   6.572034e+00,   4.442104e+02,   3.540534e+01,   5.299833e-03,   8.388237e+00,   1.644607e+01
  1.345000e+04,   6.575173e+00,   4.453051e+02,   3.550831e+01,   5.304966e-03,   8.400492e+00,   1.646255e+01
  1.350000e+04,   6.578307e+00,   4.463998e+02,   3.561129e+01,   5.310079e-03,   8.412733e+00,   1.647900e+01
  1.355000e+04,   6.581437e+00,   4.474943e+02,   3.571426e+01,   5.315173e-03,   8.424961e+00,   1.649543e+01
  1.360000e+04,   6.584563e+00,   4.485886e+02,   3.581724e+01,   5.320248e-03,   8.437174e+00,   1.651183e+01
  1.365000e+04,   6.587684e+00,   4.496828e+02,   3.592021e+01,   5.325304e-03,   8.449373e+00,   1.652821e+01
  1.370000e+04,   6.590801e+00,   4.507769e+02,   3.602318e+01,   5.330342e-03,   8.461557e+00,   1.654457e+01
  1.375000e+04,   6.593914e+00,   4.518709e+02,   3.612615e+01,   5.335361e-03,   8.473729e+00,   1.656090e+01
  1.380000e+04,   6.597022e+00,   4.529647e+02,   3.622912e+01,   5.340361e-03,   8.485886e+00,   1.657720e+01
  1.385000e+04,   6.600124e+00,   4.540583e+02,   3.633209e+01,   5.345343e-03,   8.498027e+00,   1.659348e+01
  1.390000e+04,   6.603181e+00,   4.551487e+02,   3.643491e+01,   5.350317e-03,   8.510100e+00,   1.660973e+01
  1.395000e+04,   6.606233e+00,   4.562390e+02,   3.653773e+01,   5.355272e-03,   8.522161e+00,   1.662596e+01
  1.400000e+04,   6.609281e+00,   4.573293e+02,   3.664055e+01,   5.360210e-03,   8.534207e+00,   1.664217e+01
  1.405000e+04,   6.612325e+00,   4.584193e+02,   3.674338e+01,   5.365129e-03,   8.546241e+00,   1.665835e+01
  1.410000e+04,   6.615365e+00,   4.595093e+02,   3.684620e+01,   5.370031e-03,   8.558261e+00,   1.667450e+01
  1.415000e+04,   6.618401e+00,   4.605992e+02,   3.694902e+01,   5.374916e-03,   8.570267e+00,   1.669063e+01
  1.420000e+04,   6.621432e+00,   4.616889e+02,   3.705185e+01,   5.379782e-03,   8.582261e+00,   1.670674e+01
  1.425000e+04,   6.624460e+00,   4.627786e+02,   3.715468e+01,   5.384632e-03,   8.594241e+00,   1.672283e+01
  1.430000e+04,   6.627484e+00,   4.638681e+02,   3.725750e+01,   5.389464e-03,   8.606208e+00,   1.673889e+01
  1.435000e+04,   6.630503e+00,   4.649575e+02,   3.736033e+01,   5.394279e-03,   8.618162e+00,   1.675493e+01
  1.440000e+04,   6.633512e+00,   4.660463e+02,   3.746314e+01,   5.399079e-03,   8.630094e+00,   1.677095e+01
  1.445000e+04,   6.636482e+00,   4.671325e+02,   3.756583e+01,   5.403870e-03,   8.641968e+00,   1.678694e+01
  1.450000e+04,   6.639448e+00,   4.682186e+02,   3.766852e+01,   5.408644e-03,   8.653830e+00,   1.680290e+01
  1.455000e+04,   6.642410e+00,   4.693046e+02,   3.777121e+01,   5.413402e-03,   8.665679e+00,   1.681885e+01
  1.460000e+04,   6.645369e+00,   4.703905e+02,   3.787391e+01,   5.418143e-03,   8.677516e+00,   1.683477e+01
  1.465000e+04,   6.648323e+00,   4.714763e+02,   3.797660e+01,   5.422867e-03,   8.689340e+00,   1.685067e+01
  1.470000e+04,   6.651274e+00,   4.725620e+02,   3.807930e+01,   5.427576e-03,   8.701151e+00,   1.686655e+01
  1.475000e+04,   6.654221e+00,   4.736476e+02,   3.818200e+01,   5.432268e-03,   8.712950e+00,   1.688240e+01
  1.480000e+04,   6.657164e+00,   4.747332e+02,   3.828471e+01,   5.436944e-03,   8.724736e+00,   1.689823e+01
  1.485000e+04,   6.660103e+00,   4.758186e+02,   3.838742e+01,   5.441604e-03,   8.736510e+00,   1.691404e+01
  1.490000e+04,   6.663039e+00,   4.769039e+02,   3.849012e+01,   5.446248e-03,   8.748272e+00,   1.692983e+01
  1.495000e+04,   6.665970e+00,   4.779892e+02,   3.859284e+01,   5.450876e-03,   8.760021e+00,   1.694560e+01
  1.500000e+04,   6.668859e+00,   4.790715e+02,   3.869542e+01,   5.455498e-03,   8.771708e+00,   1.696134e+01
  1.505000e+04,   6.671744e+00,   4.801537e+02,   3.879800e+01,   5.460105e-03,   8.783382e+00,   1.697706e+01
  1.510000e+04,   6.674624e+00,   4.812358e+02,   3.890059e+01,   5.464696e-03,   8.795044e+00,   1.699276e+01
  1.515000e+04,   6.677501e+00,   4.823179e+02,   3.900318e+01,   5.469271e-03,   8.806694e+00,   1.700844e+01
  1.520000e+04,   6.680375e+00,   4.833998e+02,   3.910577e+01,   5.473831e-03,   8.818332e+00,   1.702410e+01
  1.525000e+04,   6.683245e+00,   4.844817e+02,   3.920837e+01,   5.478377e-03,   8.829958e+00,   1.703973e+01
  1.530000e+04,   6.686111e+00,   4.855635e+02,   3.931097e+01,   5.482907e-03,   8.841572e+00,   1.705535e+01
  1.535000e+04,   6.688974e+00,   4.866453e+02,   3.941358e+01,   5.487422e-03,   8.853175e+00,   1.707094e+01
  1.540000e+04,   6.691833e+00,   4.877269e+02,   3.951619e+01,   5.491923e-03,   8.864765e+00,   1.708652e+01
  1.545000e+04,   6.694688e+00,   4.888085e+02,   3.961880e+01,   5.496408e-03,   8.876344e+00,   1.710207e+01
  1.550000e+04,   6.697540e+00,   4.898900e+02,   3.972141e+01,   5.500879e-03,   8.887912e+00,   1.711760e+01
  1.555000e+04,   6.700370e+00,   4.909701e+02,   3.982397e+01,   5.505340e-03,   8.899444e+00,   1.713311e+01
  1.560000e+04,   6.703177e+00,   4.920487e+02,   3.992647e+01,   5.509791e-03,   8.910940e+00,   1.714860e+01
  1.565000e+04,   6.705980e+00,   4.931273e+02,   4.002897e+01,   5.514227e-03,   8.922424e+00,   1.716407e+01
  1.570000e+04,   6.708780e+00,   4.942058e+02,   4.013148e+01,   5.518649e-03,   8.933897e+00,   1.717951e+01
  1.575000e+04,   6.711577e+00,   4.952842e+02,   4.023399e+01,   5.523057e-03,   8.945359e+00,   1.719494e+01
  1.580000e+04,   6.714370e+00,   4.963625e+02,   4.033651e+01,   5.527451e-03,   8.956809e+00,   1.721035e+01
  1.585000e+04,   6.717159e+00,   4.974408e+02,   4.043903e+01,   5.531831e-03,   8.968248e+00,   1.722574e+01
  1.590000e+04,   6.719945e+00,   4.985191e+02,   4.054155e+01,   5.536197e-03,   8.979676e+00,   1.724111e+01
  1.595000e+04,   6.722728e+00,   4.995972e+02,   4.064408e+01,   5.540549e-03,   8.991093e+00,   1.725646e+01
  1.600000e+04,   6.725508e+00,   5.006753e+02,   4.074662e+01,   5.544888e-03,   9.002498e+00,   1.727178e+01
  1.605000e+04,   6.728284e+00,   5.017534e+02,   4.084916e+01,   5.549212e-03,   9.013893e+00,   1.728709e+01
  1.610000e+04,   6.731056e+00,   5.028314e+02,   4.095171e+01,   5.553523e-03,   9.025276e+00,   1.730238e+01
  1.615000e+04,   6.733802e+00,   5.039076e+02,   4.105418e+01,   5.557827e-03,   9.036619e+00,   1.731765e+01
  1.620000e+04,   6.736532e+00,   5.049829e+02,   4.115662e+01,   5.562119e-03,   9.047934e+00,   1.733290e+01
  1.625000e+04,   6.739258e+00,   5.060581e+02,   4.125906e+01,   5.566399e-03,   9.059239e+00,   1.734813e+01
  1.630000e+04,   6.741981e+00,   5.071332e+02,   4.136151e+01,   5.570665e-03,   9.070533e+00,   1.736334e+01
  1.635000e+04,   6.744701e+00,   5.082083e+02,   4.146396e+01,   5.574918e-03,   9.081816e+00,   1.737853e+01
  1.640000e+04,   6.747418e+00,   5.092834e+02,   4.156642e+01,   5.579158e-03,   9.093088e+00,   1.739371e+01
  1.645000e+04,   6.750131e+00,   5.103584e+02,   4.166889e+01,   5.583385e-03,   9.104350e+00,   1.740886e+01
  1.650000e+04,   6.752841e+00,   5.114333e+02,   4.177136e+01,   5.587599e-03,   9.115601e+00,   1.742400e+01
  1.655000e+04,   6.755548e+00,   5.125083e+02,   4.187384e+01,   5.591800e-03,   9.126842e+00,   1.743911e+01
  1.660000e+04,   6.758252e+00,   5.135831e+02,   4.197632e+01,   5.595988e-03,   9.138072e+00,   1.745421e+01
  1.665000e+04,   6.760952e+00,   5.146580e+02,   4.207882e+01,   5.600164e-03,   9.149292e+00,   1.746929e+01
  1.670000e+04,   6.763650e+00,   5.157328e+02,   4.218131e+01,   5.604327e-03,   9.160501e+00,   1.748435e+01
  1.675000e+04,   6.766327e+00,   5.168063e+02,   4.228376e+01,   5.608482e-03,   9.171679e+00,   1.749939e+01
  1.680000e+04,   6.768983e+00,   5.178785e+02,   4.238616e+01,   5.612628e-03,   9.182823e+00,   1.751442e+01
  1.685000e+04,   6.771637e+00,   5.189506e+02,   4.248856e+01,   5.616762e-03,   9.193957e+00,   1.752942e+01
  1.690000e+04,   6.774287e+00,   5.200227e+02,   4.259097e+01,   5.620883e-03,   9.205081e+00,   1.754441e+01
  1.695000e+04,   6.776934e+00,   5.210948e+02,   4.269339e+01,   5.624993e-03,   9.216195e+00,   1.755938e+01
  1.700000e+04,   6.779578e+00,   5.221668e+02,   4.279581e+01,   5.629090e-03,   9.227299e+00,   1.757433e+01
  1.705000e+04,   6.782219e+00,   5.232388e+02,   4.289824e+01,   5.633175e-03,   9.238392e+00,   1.758926e+01
  1.710000e+04,   6.784857e+00,   5.243108e+02,   4.300068e+01,   5.637248e-03,   9.249476e+00,   1.760418e+01
  1.715000e+04,   6.787491e+00,   5.253827e+02,   4.310313e+01,   5.641309e-03,   9.260549e+00,   1.761908e+01
  1.720000e+04,   6.790123e+00,   5.264547e+02,   4.320558e+01,   5.645359e-03,   9.271613e+00,   1.763396e+01
  1.725000e+04,   6.792752e+00,   5.275266e+02,   4.330804e+01,   5.649396e-03,   9.282666e+00,   1.764882e+01
  1.730000e+04,   6.795378e+00,   5.285984e+02,   4.341051e+01,   5.653422e-03,   9.293710e+00,   1.766366e+01
  1.735000e+04,   6.798001e+00,   5.296703e+02,   4.351299e+01,   5.657436e-03,   9.304744e+00,   1.767849e+01
  1.740000e+04,   6.800588e+00,   5.307397e+02,   4.361536e+01,   5.661446e-03,   9.315727e+00,   1.769330e+01
  1.745000e+04,   6.803171e+00,   5.318090e+02,   4.371774e+01,   5.665445e-03,   9.326699e+00,   1.770809e+01
  1.750000e+04,   6.805752e+00,   5.328783e+02,   4.382013e+01,   5.669432e-03,   9.337661e+00,   1.772287e+01
  1.755000e+04,   6.808330e+00,   5.339476e+02,   4.392253e+01,   5.673408e-03,   9.348614e+00,   1.773763e+01
  1.760000e+04,   6.810905e+00,   5.350169e+02,   4.402493e+01,   5.677372e-03,   9.359558e+00,   1.775237e+01
  1.765000e+04,   6.813477e+00,   5.360862e+02,   4.412735e+01,   5.681326e-03,   9.370491e+00,   1.776709e+01
  1.770000e+04,   6.816046e+00,   5.371554e+02,   4.422977e+01,   5.685268e-03,   9.381415e+00,   1.778180e+01
  1.775000e+04,   6.818612e+00,   5.382247e+02,   4.433220e+01,   5.689198e-03,   9.392330e+00,   1.779649e+01
  1.780000e+04,   6.821175e+00,   5.392939e+02,   4.443464e+01,   5.693118e-03,   9.403235e+00,   1.781116e+01
  1.785000e+04,   6.823736e+00,   5.403631e+02,   4.453709e+01,   5.697027e-03,   9.414131e+00,   1.782582e+01
  1.790000e+04,   6.826293e+00,   5.414323e+02,   4.463955e+01,   5.700925e-03,   9.425017e+00,   1.784046e+01
  1.795000e+04,   6.828848e+00,   5.425014e+02,   4.474201e+01,   5.704812e-03,   9.435894e+00,   1.785508e+01
  1.800000e+04,   6.831396e+00,   5.435703e+02,   4.484447e+01,   5.708689e-03,   9.446756e+00,   1.786969e+01
  1.805000e+04,   6.833913e+00,   5.446371e+02,   4.494685e+01,   5.712562e-03,   9.457574e+00,   1.788428e+01
  1.810000e+04,   6.836428e+00,   5.457039e+02,   4.504923e+01,   5.716424e-03,   9.468383e+00,   1.789886e+01
  1.815000e+04,   6.838939e+00,   5.467706e+02,   4.515163e+01,   5.720275e-03,   9.479183e+00,   1.791341e+01
  1.820000e+04,   6.841448e+00,   5.478374e+02,   4.525403e+01,   5.724116e-03,   9.489973e+00,   1.792795e+01
  1.825000e+04,   6.843955e+00,   5.489042e+02,   4.535645e+01,   5.727946e-03,   9.500755e+00,   1.794248e+01
  1.830000e+04,   6.846458e+00,   5.499709e+02,   4.545887e+01,   5.731766e-03,   9.511527e+00,   1.795699e+01
  1.835000e+04,   6.848959e+00,   5.510377e+02,   4.556130e+01,   5.735576e-03,   9.522290e+00,   1.797148e+01
  1.840000e+04,   6.851457e+00,   5.521044e+02,   4.566375e+01,   5.739375e-03,   9.533045e+00,   1.798596e+01
  1.845000e+04,   6.853952e+00,   5.531712e+02,   4.576620e+01,   5.743164e-03,   9.543790e+00,   1.800042e+01
  1.850000e+04,   6.856445e+00,   5.542379e+02,   4.586866e+01,   5.746942e-03,   9.554526e+00,   1.801487e+01
  1.855000e+04,   6.858935e+00,   5.553047e+02,   4.597113e+01,   5.750710e-03,   9.565254e+00,   1.802930e+01
  1.860000e+04,   6.861422e+00,   5.563714e+02,   4.607361e+01,   5.754469e-03,   9.575972e+00,   1.804372e+01
  1.865000e+04,   6.863907e+00,   5.574382e+02,   4.617610e+01,   5.758217e-03,   9.586682e+00,   1.805812e+01
  1.870000e+04,   6.866360e+00,   5.585028e+02,   4.627850e+01,   5.761962e-03,   9.597347e+00,   1.807250e+01
  1.875000e+04,   6.868809e+00,   5.595673e+02,   4.638091e+01,   5.765697e-03,   9.608000e+00,   1.808687e+01
  1.880000e+04,   6.871255e+00,   5.606317e+02,   4.648333e+01,   5.769422e-03,   9.618645e+00,   1.810122e+01
  1.885000e+04,   6.873699e+00,   5.616962e+02,   4.658576e+01,   5.773138e-03,   9.629282e+00,   1.811556e+01
  1.890000e+04,   6.876140e+00,   5.627607e+02,   4.668819e+01,   5.776843e-03,   9.639909e+00,   1.812988e+01
  1.895000e+04,   6.878578e+00,   5.638252e+02,   4.679064e+01,   5.780539e-03,   9.650528e+00,   1.814418e+01
  1.900000e+04,   6.881014e+00,   5.648897e+02,   4.689310e+01,   5.784225e-03,   9.661139e+00,   1.815848e+01
  1.905000e+04,   6.883447e+00,   5.659542e+02,   4.699557e+01,   5.787902e-03,   9.671741e+00,   1.817275e+01
  1.910000e+04,   6.885877e+00,   5.670187e+02,   4.709805e+01,   5.791569e-03,   9.682334e+00,   1.818701e+01
  1.915000e+04,   6.888305e+00,   5.680833e+02,   4.720054e+01,   5.795226e-03,   9.692919e+00,   1.820126e+01
  1.920000e+04,   6.890731e+00,   5.691478e+02,   4.730304e+01,   5.798874e-03,   9.703495e+00,   1.821549e+01
  1.925000e+04,   6.893154e+00,   5.702123e+02,   4.740555e+01,   5.802513e-03,   9.714063e+00,   1.822971e+01
  1.930000e+04,   6.895574e+00,   5.712769e+02,   4.750807e+01,   5.806142e-03,   9.724622e+00,   1.824391e+01
  1.935000e+04,   6.897981e+00,   5.723406e+02,   4.761056e+01,   5.809764e-03,   9.735159e+00,   1.825810e+01
  1.940000e+04,   6.900367e+00,   5.734030e+02,   4.771301e+01,   5.813381e-03,   9.745665e+00,   1.827227e+01
  1.945000e+04,   6.902751e+00,   5.744654e+02,   4.781547e+01,   5.816989e-03,   9.756163e+00,   1.828643e+01
  1.950000e+04,   6.905132e+00,   5.755279e+02,   4.791793e+01,   5.820588e-03,   9.766652e+00,   1.830057e+01
  1.955000e+04,   6.907511e+00,   5.765903e+02,   4.802041e+01,   5.824178e-03,   9.777134e+00,   1.831470e+01
  1.960000e+04,   6.909887e+00,   5.776528e+02,   4.812290e+01,   5.827758e-03,   9.787607e+00,   1.832882e+01
  1.965000e+04,   6.912261e+00,   5.787152e+02,   4.822540e+01,   5.831330e-03,   9.798071e+00,   1.834292e+01
  1.970000e+04,   6.914632e+00,   5.797777e+02,   4.832791e+01,   5.834892e-03,   9.808528e+00,   1.835700e+01
  1.975000e+04,   6.917001e+00,   5.808402e+02,   4.843043e+01,   5.838446e-03,   9.818977e+00,   1.837107e+01
  1.980000e+04,   6.919367e+00,   5.819028e+02,   4.853297e+01,   5.841990e-03,   9.829417e+00,   1.838513e+01
  1.985000e+04,   6.921731e+00,   5.829653e+02,   4.863551e+01,   5.845526e-03,   9.839850e+00,   1.839917e+01
  1.990000e+04,   6.924093e+00,   5.840279e+02,   4.873807e+01,   5.849053e-03,   9.850274e+00,   1.841320e+01
  1.995000e+04,   6.926452e+00,   5.850904e+02,   4.884063e+01,   5.852571e-03,   9.860690e+00,   1.842722e+01
  2.000000e+04,   6.928809e+00,   5.861530e+02,   4.894321e+01,   5.856080e-03,   9.871098e+00,   1.844122e+01
  2.084602e+04,   6.967817e+00,   6.040979e+02,   5.067894e+01,   5.914294e-03,   1.004538e+01,   1.867604e+01
  2.172783e+04,   7.007231e+00,   6.227696e+02,   5.248996e+01,   5.972664e-03,   1.022406e+01,   1.891682e+01
  2.264693e+04,   7.047070e+00,   6.422033e+02,   5.438003e+01,   6.031196e-03,   1.040728e+01,   1.916370e+01
  2.360492e+04,   7.087336e+00,   6.624360e+02,   5.635312e+01,   6.089901e-03,   1.059518e+01,   1.941688e+01
  2.460343e+04,   7.128032e+00,   6.835051e+02,   5.841332e+01,   6.148787e-03,   1.078791e+01,   1.967654e+01
  2.564418e+04,   7.169074e+00,   7.054440e+02,   6.056467e+01,   6.207886e-03,   1.098549e+01,   1.994285e+01
  2.672895e+04,   7.210542e+00,   7.283002e+02,   6.281193e+01,   6.267189e-03,   1.118817e+01,   2.021600e+01
  2.785961e+04,   7.252436e+00,   7.521172e+02,   6.515983e+01,   6.326709e-03,   1.139611e+01,   2.049618e+01
  2.903810e+04,   7.294738e+00,   7.769389e+02,   6.761324e+01,   6.386461e-03,   1.160942e+01,   2.078359e+01
  3.026644e+04,   7.337376e+00,   8.028072e+02,   7.017707e+01,   6.446475e-03,   1.182817e+01,   2.107841e+01
  3.154674e+04,   7.380423e+00,   8.297768e+02,   7.285689e+01,   6.506744e-03,   1.205260e+01,   2.138083e+01
  3.288120e+04,   7.423867e+00,   8.578986e+02,   7.565823e+01,   6.567283e-03,   1.228286e+01,   2.169105e+01
  3.427210e+04,   7.467609e+00,   8.872179e+02,   7.858657e+01,   6.628128e-03,   1.251897e+01,   2.200927e+01
  3.572184e+04,   7.511708e+00,   9.177953e+02,   8.164810e+01,   6.689277e-03,   1.276118e+01,   2.233568e+01
  3.723291e+04,   7.556158e+00,   9.496881e+02,   8.484900e+01,   6.750744e-03,   1.300962e+01,   2.267047e+01
  3.880790e+04,   7.600845e+00,   9.829471e+02,   8.819541e+01,   6.812567e-03,   1.326432e+01,   2.301384e+01
  4.044951e+04,   7.645829e+00,   1.017639e+03,   9.169411e+01,   6.874743e-03,   1.352552e+01,   2.336597e+01
  4.216056e+04,   7.691078e+00,   1.053826e+03,   9.535188e+01,   6.937292e-03,   1.379333e+01,   2.372706e+01
  4.394399e+04,   7.736489e+00,   1.091567e+03,   9.917559e+01,   7.000250e-03,   1.406778e+01,   2.409731e+01
  4.580287e+04,   7.782119e+00,   1.130934e+03,   1.031727e+02,   7.063614e-03,   1.434911e+01,   2.447690e+01
  4.774037e+04,   7.827882e+00,   1.171993e+03,   1.073505e+02,   7.127414e-03,   1.463737e+01,   2.486601e+01
  4.975983e+04,   7.873743e+00,   1.214815e+03,   1.117168e+02,   7.191669e-03,   1.493268e+01,   2.526484e+01
  5.186472e+04,   7.919712e+00,   1.259477e+03,   1.162795e+02,   7.256385e-03,   1.523520e+01,   2.567357e+01
  5.405865e+04,   7.965660e+00,   1.306048e+03,   1.210469e+02,   7.321605e-03,   1.554494e+01,   2.609241e+01
  5.634538e+04,   8.011628e+00,   1.354613e+03,   1.260274e+02,   7.387324e-03,   1.586210e+01,   2.652152e+01
  5.872885e+04,   8.057543e+00,   1.405250e+03,   1.312298e+02,   7.453570e-03,   1.618676e+01,   2.696111e+01
  6.121313e+04,   8.103344e+00,   1.458044e+03,   1.366631e+02,   7.520364e-03,   1.651900e+01,   2.741137e+01
  6.380250e+04,   8.149038e+00,   1.513084e+03,   1.423367e+02,   7.587710e-03,   1.685899e+01,   2.787248e+01
  6.650141e+04,   8.194515e+00,   1.570457e+03,   1.482604e+02,   7.655642e-03,   1.720675e+01,   2.834467e+01
  6.931448e+04,   8.239782e+00,   1.630261e+03,   1.544441e+02,   7.724163e-03,   1.756245e+01,   2.882810e+01
  7.224655e+04,   8.284799e+00,   1.692593e+03,   1.608984e+02,   7.793286e-03,   1.792621e+01,   2.932298e+01
  7.530265e+04,   8.329468e+00,   1.757550e+03,   1.676339e+02,   7.863041e-03,   1.829806e+01,   2.982955e+01
  7.848802e+04,   8.373810e+00,   1.825243e+03,   1.746618e+02,   7.933422e-03,   1.867820e+01,   3.034797e+01
  8.180814e+04,   8.417769e+00,   1.895780e+03,   1.819939e+02,   8.004447e-03,   1.906672e+01,   3.087849e+01
  8.526870e+04,   8.461269e+00,   1.969271e+03,   1.896421e+02,   8.076135e-03,   1.946370e+01,   3.142132e+01
  8.887565e+04,   8.504320e+00,   2.045840e+03,   1.976189e+02,   8.148483e-03,   1.986931e+01,   3.197666e+01
  9.263518e+04,   8.546884e+00,   2.125609e+03,   2.059375e+02,   8.221500e-03,   2.028367e+01,   3.254476e+01
  9.655373e+04,   8.588879e+00,   2.208702e+03,   2.146112e+02,   8.295204e-03,   2.070685e+01,   3.312585e+01
  1.006380e+05,   8.630316e+00,   2.295254e+03,   2.236540e+02,   8.369588e-03,   2.113905e+01,   3.372015e+01
  1.048951e+05,   8.671166e+00,   2.385406e+03,   2.330807e+02,   8.444657e-03,   2.158038e+01,   3.432790e+01
  1.093323e+05,   8.711397e+00,   2.479302e+03,   2.429065e+02,   8.520413e-03,   2.203100e+01,   3.494936e+01
  1.139572e+05,   8.750958e+00,   2.577087e+03,   2.531469e+02,   8.596862e-03,   2.249101e+01,   3.558477e+01
  1.187777e+05,   8.789845e+00,   2.678918e+03,   2.638183e+02,   8.673997e-03,   2.296057e+01,   3.623438e+01
  1.238021e+05,   8.828043e+00,   2.784958e+03,   2.749377e+02,   8.751813e-03,   2.343985e+01,   3.689843e+01
  1.290390e+05,   8.865529e+00,   2.895374e+03,   2.865226e+02,   8.830305e-03,   2.392899e+01,   3.757720e+01
  1.344975e+05,   8.908329e+00,   3.018001e+03,   2.994656e+02,   8.914873e-03,   2.446391e+01,   3.831224e+01
  1.401868e+05,   8.952482e+00,   3.148759e+03,   3.133025e+02,   9.002182e-03,   2.502312e+01,   3.907889e+01
  1.461169e+05,   8.997342e+00,   3.287359e+03,   3.279989e+02,   9.091758e-03,   2.560369e+01,   3.987390e+01
  1.522978e+05,   9.042213e+00,   3.433372e+03,   3.435037e+02,   9.183105e-03,   2.620228e+01,   4.069357e+01
  1.587401e+05,   9.087073e+00,   3.587279e+03,   3.598716e+02,   9.276326e-03,   2.681967e+01,   4.153899e+01
  1.654550e+05,   9.131980e+00,   3.749611e+03,   3.771609e+02,   9.371504e-03,   2.745675e+01,   4.241126e+01
  1.724539e+05,   9.176948e+00,   3.920926e+03,   3.954343e+02,   9.468736e-03,   2.811442e+01,   4.331154e+01
  1.797488e+05,   9.221970e+00,   4.101831e+03,   4.147602e+02,   9.568139e-03,   2.879360e+01,   4.424110e+01
  1.873524e+05,   9.269077e+00,   4.294623e+03,   4.354271e+02,   9.669341e-03,   2.950264e+01,   4.520727e+01
  1.952776e+05,   9.321395e+00,   4.502833e+03,   4.578900e+02,   9.771700e-03,   3.025444e+01,   4.622116e+01
  2.035380e+05,   9.376093e+00,   4.725102e+03,   4.819595e+02,   9.875987e-03,   3.103983e+01,   4.727549e+01
  2.121478e+05,   9.431965e+00,   4.961376e+03,   5.076156e+02,   9.982619e-03,   3.185565e+01,   4.836818e+01
  2.211219e+05,   9.489454e+00,   5.214803e+03,   5.352081e+02,   1.009347e-02,   3.271036e+01,   4.951044e+01
  2.304756e+05,   9.549047e+00,   5.487911e+03,   5.650306e+02,   1.020926e-02,   3.360971e+01,   5.070916e+01
  2.402249e+05,   9.608034e+00,   5.776684e+03,   5.966074e+02,   1.032798e-02,   3.453645e+01,   5.194515e+01
  2.503866e+05,   9.657996e+00,   6.064094e+03,   6.279123e+02,   1.044331e-02,   3.543128e+01,   5.315244e+01
  2.609782e+05,   9.705269e+00,   6.362735e+03,   6.604284e+02,   1.055985e-02,   3.633743e+01,   5.437932e+01
  2.720178e+05,   9.751042e+00,   6.675554e+03,   6.945017e+02,   1.067838e-02,   3.726331e+01,   5.563525e+01
  2.835245e+05,   9.797054e+00,   7.007293e+03,   7.306907e+02,   1.080022e-02,   3.822215e+01,   5.693499e+01
  2.955178e+05,   9.843290e+00,   7.359295e+03,   7.691491e+02,   1.092554e-02,   3.921543e+01,   5.828052e+01
  3.080185e+05,   9.889764e+00,   7.733027e+03,   8.100439e+02,   1.105453e-02,   4.024474e+01,   5.967392e+01
  3.210480e+05,   9.936484e+00,   8.130063e+03,   8.535545e+02,   1.118738e-02,   4.131175e+01,   6.111733e+01
  3.346286e+05,   9.985521e+00,   8.554871e+03,   9.002568e+02,   1.132373e-02,   4.242717e+01,   6.262007e+01
  3.487837e+05,   1.005625e+01,   9.037225e+03,   9.542445e+02,   1.145876e-02,   4.367979e+01,   6.425377e+01
  3.635376e+05,   1.012780e+01,   9.551557e+03,   1.011945e+03,   1.159795e-02,   4.498021e+01,   6.594727e+01
  3.789156e+05,   1.019889e+01,   1.009808e+04,   1.073331e+03,   1.174176e-02,   4.632422e+01,   6.769781e+01
  3.949441e+05,   1.026950e+01,   1.067915e+04,   1.138679e+03,   1.189043e-02,   4.771391e+01,   6.950818e+01
  4.116506e+05,   1.033959e+01,   1.129735e+04,   1.208284e+03,   1.204423e-02,   4.915144e+01,   7.138132e+01
  4.290638e+05,   1.041070e+01,   1.196104e+04,   1.283155e+03,   1.220461e-02,   5.065266e+01,   7.333495e+01
  4.472136e+05,   1.048416e+01,   1.267965e+04,   1.364426e+03,   1.237313e-02,   5.223378e+01,   7.538758e+01
  4.661312e+05,   1.055693e+01,   1.345105e+04,   1.451882e+03,   1.254979e-02,   5.388136e+01,   7.752858e+01
  4.858489e+05,   1.063027e+01,   1.427778e+04,   1.545817e+03,   1.273298e-02,   5.559649e+01,   7.975493e+01
  5.064008e+05,   1.070593e+01,   1.516699e+04,   1.647137e+03,   1.292223e-02,   5.738951e+01,   8.207504e+01
  5.278221e+05,   1.078071e+01,   1.611749e+04,   1.755561e+03,   1.311888e-02,   5.924863e+01,   8.448181e+01
  5.501494e+05,   1.085913e+01,   1.712405e+04,   1.870894e+03,   1.331353e-02,   6.116455e+01,   8.694624e+01
  5.734213e+05,   1.094466e+01,   1.819959e+04,   1.994867e+03,   1.350611e-02,   6.315989e+01,   8.948789e+01
  5.976775e+05,   1.103215e+01,   1.935667e+04,   2.128668e+03,   1.370564e-02,   6.524431e+01,   9.213660e+01
  6.229599e+05,   1.111678e+01,   2.058956e+04,   2.271405e+03,   1.391379e-02,   6.739554e+01,   9.487681e+01
  6.493117e+05,   1.119539e+01,   2.187898e+04,   2.420576e+03,   1.412623e-02,   6.957319e+01,   9.766282e+01
  6.767782e+05,   1.127205e+01,   2.325311e+04,   2.579648e+03,   1.434689e-02,   7.182314e+01,   1.005451e+02
  7.054065e+05,   1.134747e+01,   2.472209e+04,   2.749857e+03,   1.457649e-02,   7.415542e+01,   1.035348e+02
  7.352459e+05,   1.143646e+01,   2.633602e+04,   2.938324e+03,   1.481013e-02,   7.665556e+01,   1.066966e+02
  7.663475e+05,   1.152852e+01,   2.807847e+04,   3.142482e+03,   1.505223e-02,   7.927457e+01,   1.099977e+02
  7.987647e+05,   1.161765e+01,   2.994316e+04,   3.361187e+03,   1.530603e-02,   8.198618e+01,   1.134230e+02
  8.325532e+05,   1.168897e+01,   3.180788e+04,   3.578873e+03,   1.555503e-02,   8.459926e+01,   1.167649e+02
  8.677710e+05,   1.176514e+01,   3.385783e+04,   3.818883e+03,   1.582110e-02,   8.739018e+01,   1.203208e+02
  9.044785e+05,   1.183917e+01,   3.605077e+04,   4.075766e+03,   1.609869e-02,   9.028205e+01,   1.240102e+02
  9.427388e+05,   1.191996e+01,   3.843206e+04,   4.355917e+03,   1.638487e-02,   9.333405e+01,   1.278785e+02
  9.826176e+05,   1.202153e+01,   4.107561e+04,   4.670027e+03,   1.667465e-02,   9.664142e+01,   1.319973e+02
  1.024183e+06,   1.212096e+01,   4.391498e+04,   5.007878e+03,   1.697854e-02,   1.000756e+02,   1.362789e+02
  1.067507e+06,   1.222028e+01,   4.697290e+04,   5.372337e+03,   1.729533e-02,   1.036533e+02,   1.407370e+02
  1.112664e+06,   1.233119e+01,   5.044715e+04,   5.788201e+03,   1.764570e-02,   1.075909e+02,   1.456147e+02
  1.159730e+06,   1.243947e+01,   5.420710e+04,   6.238674e+03,   1.801529e-02,   1.116997e+02,   1.507121e+02
  1.208788e+06,   1.256607e+01,   5.836864e+04,   6.741240e+03,   1.839334e-02,   1.161119e+02,   1.561159e+02
  1.259921e+06,   1.268115e+01,   6.274782e+04,   7.269710e+03,   1.878226e-02,   1.205769e+02,   1.616139e+02
  1.313217e+06,   1.271117e+01,   6.614679e+04,   7.669741e+03,   1.908380e-02,   1.238493e+02,   1.658668e+02
  1.368767e+06,   1.272952e+01,   6.955900e+04,   8.069315e+03,   1.937938e-02,   1.270346e+02,   1.700495e+02
  1.426667e+06,   1.276508e+01,   7.337480e+04,   8.519959e+03,   1.969032e-02,   1.305340e+02,   1.745691e+02
  1.487017e+06,   1.281504e+01,   7.765747e+04,   9.029065e+03,   2.002457e-02,   1.343777e+02,   1.794735e+02
  1.549919e+06,   1.287417e+01,   8.236323e+04,   9.590888e+03,   2.037712e-02,   1.384958e+02,   1.846889e+02
  1.615482e+06,   1.293642e+01,   8.744872e+04,   1.019935e+04,   2.074564e-02,   1.428219e+02,   1.901528e+02
  1.683818e+06,   1.300586e+01,   9.293631e+04,   1.085847e+04,   2.112317e-02,   1.473651e+02,   1.958551e+02
  1.755046e+06,   1.307384e+01,   9.877789e+04,   1.156079e+04,   2.151325e-02,   1.520558e+02,   2.017441e+02
  1.829286e+06,   1.314180e+01,   1.050044e+05,   1.231033e+04,   2.191430e-02,   1.569074e+02,   2.078299e+02
  1.906666e+06,   1.320932e+01,   1.115746e+05,   1.310230e+04,   2.231900e-02,   1.618760e+02,   2.140558e+02
  1.987320e+06,   1.325622e+01,   1.181114e+05,   1.388576e+04,   2.271299e-02,   1.666454e+02,   2.201115e+02
  2.071386e+06,   1.330604e+01,   1.250908e+05,   1.472391e+04,   2.311672e-02,   1.716013e+02,   2.263856e+02
  2.159007e+06,   1.336959e+01,   1.327745e+05,   1.565198e+04,   2.353794e-02,   1.769272e+02,   2.330581e+02
  2.250335e+06,   1.345232e+01,   1.415206e+05,   1.671543e+04,   2.399878e-02,   1.828397e+02,   2.403773e+02
  2.345526e+06,   1.355129e+01,   1.513367e+05,   1.791591e+04,   2.449418e-02,   1.892915e+02,   2.482889e+02
  2.444744e+06,   1.359722e+01,   1.602476e+05,   1.899090e+04,   2.493834e-02,   1.948872e+02,   2.553597e+02
  2.548159e+06,   1.359635e+01,   1.681331e+05,   1.992502e+04,   2.532472e-02,   1.996227e+02,   2.615698e+02
  2.655949e+06,   1.358184e+01,   1.760092e+05,   2.085143e+04,   2.570307e-02,   2.042109e+02,   2.676705e+02
  2.768298e+06,   1.360770e+01,   1.849553e+05,   2.192422e+04,   2.607596e-02,   2.093981e+02,   2.743078e+02
  2.885400e+06,   1.365343e+01,   1.951021e+05,   2.315101e+04,   2.648290e-02,   2.151769e+02,   2.815856e+02
  3.007455e+06,   1.369830e+01,   2.057715e+05,   2.444187e+04,   2.689427e-02,   2.210939e+02,   2.890364e+02
  3.134673e+06,   1.367837e+01,   2.145471e+05,   2.547281e+04,   2.722881e-02,   2.257087e+02,   2.952015e+02
  3.267273e+06,   1.366011e+01,   2.237824e+05,   2.655833e+04,   2.756897e-02,   2.304679e+02,   3.015502e+02
  3.405482e+06,   1.364343e+01,   2.335047e+05,   2.770168e+04,   2.791515e-02,   2.353767e+02,   3.080891e+02
  3.549537e+06,   1.362825e+01,   2.437431e+05,   2.890631e+04,   2.826778e-02,   2.404402e+02,   3.148252e+02
  3.699685e+06,   1.362652e+01,   2.550295e+05,   3.024351e+04,   2.864116e-02,   2.459391e+02,   3.220379e+02
  3.856186e+06,   1.373880e+01,   2.720538e+05,   3.234390e+04,   2.916597e-02,   2.543362e+02,   3.321932e+02
  4.019306e+06,   1.386310e+01,   2.907028e+05,   3.465581e+04,   2.971231e-02,   2.632695e+02,   3.429200e+02
  4.189326e+06,   1.399284e+01,   3.108241e+05,   3.715833e+04,   3.027396e-02,   2.726099e+02,   3.540929e+02
  4.366539e+06,   1.394259e+01,   3.231010e+05,   3.858458e+04,   3.063680e-02,   2.777917e+02,   3.612128e+02
  4.551248e+06,   1.389295e+01,   3.358855e+05,   4.006840e+04,   3.100152e-02,   2.830823e+02,   3.684874e+02
  4.743770e+06,   1.384461e+01,   3.492156e+05,   4.161479e+04,   3.136762e-02,   2.884928e+02,   3.759263e+02
  4.944436e+06,   1.381579e+01,   3.636608e+05,   4.330880e+04,   3.172761e-02,   2.943060e+02,   3.837439e+02
  5.153590e+06,   1.378831e+01,   3.787465e+05,   4.507808e+04,   3.208870e-02,   3.002573e+02,   3.917411e+02
  5.371592e+06,   1.376087e+01,   3.944613e+05,   4.691993e+04,   3.245143e-02,   3.063300e+02,   3.999070e+02
  5.598815e+06,   1.373360e+01,   4.108366e+05,   4.883805e+04,   3.281585e-02,   3.125289e+02,   4.082471e+02
  5.835650e+06,   1.370659e+01,   4.279071e+05,   5.083657e+04,   3.318208e-02,   3.188594e+02,   4.167680e+02
  6.082504e+06,   1.368848e+01,   4.460265e+05,   5.296765e+04,   3.354679e-02,   3.254742e+02,   4.255869e+02
  6.339800e+06,   1.367334e+01,   4.650438e+05,   5.520720e+04,   3.391266e-02,   3.322839e+02,   4.346390e+02
  6.607979e+06,   1.365851e+01,   4.849052e+05,   5.754571e+04,   3.428106e-02,   3.392486e+02,   4.438977e+02
  6.887503e+06,   1.377521e+01,   5.152689e+05,   6.130865e+04,   3.479844e-02,   3.501655e+02,   4.569879e+02
  7.178851e+06,   1.391401e+01,   5.490574e+05,   6.552754e+04,   3.534181e-02,   3.620137e+02,   4.710172e+02
  7.482523e+06,   1.389777e+01,   5.727540e+05,   6.833178e+04,   3.573524e-02,   3.696782e+02,   4.811588e+02
  7.799041e+06,   1.386056e+01,   5.957038e+05,   7.101238e+04,   3.610648e-02,   3.768592e+02,   4.909027e+02
  8.128948e+06,   1.382318e+01,   6.195255e+05,   7.379178e+04,   3.647732e-02,   3.841632e+02,   5.008268e+02
  8.472810e+06,   1.381434e+01,   6.467454e+05,   7.701877e+04,   3.687713e-02,   3.924737e+02,   5.117606e+02
  8.831218e+06,   1.388146e+01,   6.821075e+05,   8.134910e+04,   3.735830e-02,   4.033567e+02,   5.251794e+02
  9.204787e+06,   1.387484e+01,   7.123627e+05,   8.494534e+04,   3.776852e-02,   4.121755e+02,   5.367391e+02
  9.594158e+06,   1.382524e+01,   7.396602e+05,   8.810495e+04,   3.813408e-02,   4.197707e+02,   5.472229e+02
