HUGONIOT											
											
RHO	T	P	PC	E	S	V	U	RHO/RHOO	#IT	STATE	
kg/m**3	K	GPa	GPa	J/kg	J/kg-K	km/sec	km/sec				
											
2.62E+03	5.00E+02	3.31E-03	-6.79E-01	3.47E+05	1.23E+03	3.61E+00	0.00E+00	1.00E+00	0	INITIAL	1
2.77E+03	5.22E+02	2.19E+00	1.48E+00	3.69E+05	1.24E+03	3.92E+00	2.13E-01	1.06E+00	3	1	PHASE
3.03E+03	5.80E+02	7.27E+00	6.44E+00	5.34E+05	1.28E+03	4.53E+00	6.12E-01	1.16E+00	5	1	PHASE
3.17E+03	6.38E+02	1.10E+01	1.00E+01	7.12E+05	1.35E+03	4.91E+00	8.55E-01	1.21E+00	4	1	PHASE
3.27E+03	6.96E+02	1.40E+01	1.30E+01	8.81E+05	1.43E+03	5.18E+00	1.03E+00	1.25E+00	4	1	PHASE
3.42E+03	8.12E+02	1.92E+01	1.78E+01	1.20E+06	1.57E+03	5.60E+00	1.31E+00	1.30E+00	4	1	PHASE
4.44E+03	1.16E+03	3.38E+01	3.13E+01	2.99E+06	1.80E+03	5.61E+00	2.30E+00	1.70E+00	5	1	PHASE
4.48E+03	1.39E+03	3.75E+01	3.44E+01	3.32E+06	2.00E+03	5.87E+00	2.44E+00	1.71E+00	3	1	PHASE
4.51E+03	1.62E+03	4.11E+01	3.74E+01	3.64E+06	2.17E+03	6.12E+00	2.57E+00	1.72E+00	3	1	PHASE
4.55E+03	1.86E+03	4.48E+01	4.03E+01	3.97E+06	2.32E+03	6.35E+00	2.69E+00	1.74E+00	3	1	PHASE
4.58E+03	2.09E+03	4.84E+01	4.33E+01	4.30E+06	2.45E+03	6.57E+00	2.81E+00	1.75E+00	3	1	PHASE
4.61E+03	2.32E+03	5.20E+01	4.61E+01	4.63E+06	2.57E+03	6.77E+00	2.93E+00	1.76E+00	3	1	PHASE
4.69E+03	2.90E+03	6.08E+01	5.32E+01	5.46E+06	2.81E+03	7.25E+00	3.20E+00	1.79E+00	3	1	PHASE
4.75E+03	3.48E+03	6.94E+01	6.01E+01	6.29E+06	3.01E+03	7.68E+00	3.45E+00	1.81E+00	3	1	PHASE
4.82E+03	4.06E+03	7.78E+01	6.68E+01	7.13E+06	3.18E+03	8.07E+00	3.68E+00	1.84E+00	3	1	PHASE
4.87E+03	4.64E+03	8.62E+01	7.34E+01	7.96E+06	3.33E+03	8.43E+00	3.90E+00	1.86E+00	3	1	PHASE
4.93E+03	5.22E+03	9.45E+01	7.98E+01	8.80E+06	3.45E+03	8.77E+00	4.11E+00	1.88E+00	3	1	PHASE
4.98E+03	5.80E+03	1.03E+02	8.61E+01	9.64E+06	3.57E+03	9.09E+00	4.31E+00	1.90E+00	3	1	PHASE
5.03E+03	6.38E+03	1.11E+02	9.24E+01	1.05E+07	3.67E+03	9.39E+00	4.50E+00	1.92E+00	3	1	PHASE
5.08E+03	6.96E+03	1.19E+02	9.86E+01	1.13E+07	3.77E+03	9.68E+00	4.69E+00	1.94E+00	3	1	PHASE
5.12E+03	7.54E+03	1.27E+02	1.05E+02	1.22E+07	3.85E+03	9.95E+00	4.87E+00	1.96E+00	3	1	PHASE
5.17E+03	8.12E+03	1.35E+02	1.11E+02	1.30E+07	3.94E+03	1.02E+01	5.04E+00	1.97E+00	3	1	PHASE
5.21E+03	8.70E+03	1.43E+02	1.17E+02	1.39E+07	4.01E+03	1.05E+01	5.21E+00	1.99E+00	3	1	PHASE
5.25E+03	9.28E+03	1.51E+02	1.23E+02	1.48E+07	4.08E+03	1.07E+01	5.37E+00	2.01E+00	3	1	PHASE
5.29E+03	9.86E+03	1.59E+02	1.29E+02	1.56E+07	4.15E+03	1.09E+01	5.53E+00	2.02E+00	3	1	PHASE
5.33E+03	1.04E+04	1.66E+02	1.34E+02	1.65E+07	4.21E+03	1.12E+01	5.69E+00	2.04E+00	3	1	PHASE
5.37E+03	1.10E+04	1.74E+02	1.40E+02	1.74E+07	4.27E+03	1.14E+01	5.84E+00	2.05E+00	3	1	PHASE
5.41E+03	1.16E+04	1.82E+02	1.46E+02	1.83E+07	4.33E+03	1.16E+01	5.99E+00	2.06E+00	2	1	PHASE
5.48E+03	1.28E+04	1.97E+02	1.57E+02	2.00E+07	4.43E+03	1.20E+01	6.27E+00	2.09E+00	3	1	PHASE
5.54E+03	1.39E+04	2.13E+02	1.68E+02	2.18E+07	4.53E+03	1.24E+01	6.55E+00	2.12E+00	3	1	PHASE
5.61E+03	1.51E+04	2.28E+02	1.79E+02	2.35E+07	4.62E+03	1.28E+01	6.81E+00	2.14E+00	3	1	PHASE
5.67E+03	1.62E+04	2.43E+02	1.90E+02	2.53E+07	4.70E+03	1.31E+01	7.07E+00	2.16E+00	3	1	PHASE
5.73E+03	1.74E+04	2.58E+02	2.01E+02	2.71E+07	4.77E+03	1.35E+01	7.32E+00	2.19E+00	3	1	PHASE
5.84E+03	1.97E+04	2.89E+02	2.21E+02	3.07E+07	4.91E+03	1.41E+01	7.79E+00	2.23E+00	3	1	PHASE
5.99E+03	2.32E+04	3.34E+02	2.52E+02	3.62E+07	5.09E+03	1.50E+01	8.47E+00	2.29E+00	3	1	PHASE
6.23E+03	2.90E+04	4.09E+02	3.02E+02	4.56E+07	5.34E+03	1.64E+01	9.51E+00	2.38E+00	3	1	PHASE
6.44E+03	3.48E+04	4.85E+02	3.50E+02	5.53E+07	5.54E+03	1.77E+01	1.05E+01	2.46E+00	3	1	PHASE
6.80E+03	4.64E+04	6.38E+02	4.42E+02	7.53E+07	5.88E+03	1.99E+01	1.22E+01	2.60E+00	3	1	PHASE
7.11E+03	5.80E+04	7.92E+02	5.27E+02	9.59E+07	6.14E+03	2.19E+01	1.38E+01	2.72E+00	3	1	PHASE
7.37E+03	6.96E+04	9.45E+02	6.06E+02	1.17E+08	6.37E+03	2.37E+01	1.53E+01	2.82E+00	3	1	PHASE
7.60E+03	8.12E+04	1.10E+03	6.78E+02	1.38E+08	6.57E+03	2.53E+01	1.66E+01	2.90E+00	3	1	PHASE
7.80E+03	9.28E+04	1.25E+03	7.44E+02	1.59E+08	6.75E+03	2.68E+01	1.78E+01	2.98E+00	3	1	PHASE
7.97E+03	1.04E+05	1.40E+03	8.04E+02	1.79E+08	6.91E+03	2.82E+01	1.89E+01	3.04E+00	3	1	PHASE
8.13E+03	1.16E+05	1.54E+03	8.60E+02	2.00E+08	7.06E+03	2.95E+01	2.00E+01	3.10E+00	3	1	PHASE
